c 2040 Trip Generation
c Trip Generation is based on Land Use Vision 2.0 using the PSRC 3700 Zone System
t matrices
a matrix=mf25 airport 0 SeaTac Airport Trips
 1 983 : 7.59729238747
 983 1 : 7.59729238747
 2 983 : 15.6632578319
 983 2 : 15.6632578319
 3 983 : 20.7419055505
 983 3 : 20.7419055505
 4 983 : 20.6814320727
 983 4 : 20.6814320727
 5 983 : 8.52769017802
 983 5 : 8.52769017802
 6 983 : 7.52427733023
 983 6 : 7.52427733023
 7 983 : 4.62434702339
 983 7 : 4.62434702339
 8 983 : 9.03121296859
 983 8 : 9.03121296859
 9 983 : 5.43792072236
 983 9 : 5.43792072236
 10 983 : 4.56683595313
 983 10 : 4.56683595313
 11 983 : 10.5792475069
 983 11 : 10.5792475069
 12 983 : 7.68070109846
 983 12 : 7.68070109846
 13 983 : 12.5524199643
 983 13 : 12.5524199643
 14 983 : 9.84937083108
 983 14 : 9.84937083108
 15 983 : 11.9871118756
 983 15 : 11.9871118756
 16 983 : 14.2199526896
 983 16 : 14.2199526896
 17 983 : 22.6630448689
 983 17 : 22.6630448689
 18 983 : 7.83548869512
 983 18 : 7.83548869512
 19 983 : 11.7791739302
 983 19 : 11.7791739302
 20 983 : 22.5647664577
 983 20 : 22.5647664577
 21 983 : 11.7432502338
 983 21 : 11.7432502338
 22 983 : 9.96548135004
 983 22 : 9.96548135004
 23 983 : 22.2980849076
 983 23 : 22.2980849076
 24 983 : 16.4774297786
 983 24 : 16.4774297786
 25 983 : 14.7025368088
 983 25 : 14.7025368088
 26 983 : 12.1361332288
 983 26 : 12.1361332288
 27 983 : 14.0367591363
 983 27 : 14.0367591363
 28 983 : 2.89262159332
 983 28 : 2.89262159332
 29 983 : 12.5206912099
 983 29 : 12.5206912099
 30 983 : 16.2943083034
 983 30 : 16.2943083034
 31 983 : 16.6003949194
 983 31 : 16.6003949194
 32 983 : 4.31684046989
 983 32 : 4.31684046989
 33 983 : 3.17152037167
 983 33 : 3.17152037167
 34 983 : 5.67891365807
 983 34 : 5.67891365807
 35 983 : 10.3794111336
 983 35 : 10.3794111336
 36 983 : 8.70807268764
 983 36 : 8.70807268764
 37 983 : 8.88868584699
 983 37 : 8.88868584699
 38 983 : 18.0911706606
 983 38 : 18.0911706606
 39 983 : 10.7407095303
 983 39 : 10.7407095303
 40 983 : 12.3780992181
 983 40 : 12.3780992181
 41 983 : 8.02605583217
 983 41 : 8.02605583217
 42 983 : 10.9592069089
 983 42 : 10.9592069089
 43 983 : 9.68980446019
 983 43 : 9.68980446019
 44 983 : 5.58588973618
 983 44 : 5.58588973618
 45 983 : 11.0690682615
 983 45 : 11.0690682615
 46 983 : 7.76885254466
 983 46 : 7.76885254466
 47 983 : 17.9301771445
 983 47 : 17.9301771445
 48 983 : 16.6136861105
 983 48 : 16.6136861105
 49 983 : 11.6587675599
 983 49 : 11.6587675599
 50 983 : 4.86927542023
 983 50 : 4.86927542023
 51 983 : 4.24513723303
 983 51 : 4.24513723303
 52 983 : 5.63334591949
 983 52 : 5.63334591949
 53 983 : 3.15800573867
 983 53 : 3.15800573867
 54 983 : 5.30394926443
 983 54 : 5.30394926443
 55 983 : 6.42563497245
 983 55 : 6.42563497245
 56 983 : 5.41761633774
 983 56 : 5.41761633774
 57 983 : 6.79863884333
 983 57 : 6.79863884333
 58 983 : 7.64603876774
 983 58 : 7.64603876774
 59 983 : 7.59675900996
 983 59 : 7.59675900996
 60 983 : 5.99376496411
 983 60 : 5.99376496411
 61 983 : 8.12051410711
 983 61 : 8.12051410711
 62 983 : 9.33134593832
 983 62 : 9.33134593832
 63 983 : 6.48576968346
 983 63 : 6.48576968346
 64 983 : 6.75550013479
 983 64 : 6.75550013479
 65 983 : 11.3827086565
 983 65 : 11.3827086565
 66 983 : 9.04561416152
 983 66 : 9.04561416152
 67 983 : 32.3596462885
 983 67 : 32.3596462885
 68 983 : 7.34491112102
 983 68 : 7.34491112102
 69 983 : 38.7463374945
 983 69 : 38.7463374945
 70 983 : 28.9122688319
 983 70 : 28.9122688319
 71 983 : 50.0306235837
 983 71 : 50.0306235837
 72 983 : 5.07156244702
 983 72 : 5.07156244702
 73 983 : 14.3374759382
 983 73 : 14.3374759382
 74 983 : 6.92497723655
 983 74 : 6.92497723655
 75 983 : 5.56313469811
 983 75 : 5.56313469811
 76 983 : 8.94285249607
 983 76 : 8.94285249607
 77 983 : 8.46101078074
 983 77 : 8.46101078074
 78 983 : 8.16635574225
 983 78 : 8.16635574225
 79 983 : 12.970580729
 983 79 : 12.970580729
 80 983 : 14.2066326673
 983 80 : 14.2066326673
 81 983 : 6.24658590663
 983 81 : 6.24658590663
 82 983 : 7.20756641069
 983 82 : 7.20756641069
 83 983 : 12.1669537999
 983 83 : 12.1669537999
 84 983 : 11.2442899833
 983 84 : 11.2442899833
 85 983 : 9.06996933214
 983 85 : 9.06996933214
 86 983 : 16.226086436
 983 86 : 16.226086436
 87 983 : 8.49808772589
 983 87 : 8.49808772589
 88 983 : 4.44358250015
 983 88 : 4.44358250015
 89 983 : 8.29435913825
 983 89 : 8.29435913825
 90 983 : 15.1793114377
 983 90 : 15.1793114377
 91 983 : 15.8691703842
 983 91 : 15.8691703842
 92 983 : 15.9305304219
 983 92 : 15.9305304219
 93 983 : 22.9035332583
 983 93 : 22.9035332583
 94 983 : 8.14868941399
 983 94 : 8.14868941399
 95 983 : 5.90725689729
 983 95 : 5.90725689729
 96 983 : 8.35842931039
 983 96 : 8.35842931039
 97 983 : 6.93610608634
 983 97 : 6.93610608634
 98 983 : 13.1036512114
 983 98 : 13.1036512114
 99 983 : 5.22986024435
 983 99 : 5.22986024435
 100 983 : 12.5942756837
 983 100 : 12.5942756837
 101 983 : 8.7053120986
 983 101 : 8.7053120986
 102 983 : 12.0815052803
 983 102 : 12.0815052803
 103 983 : 7.36304595656
 983 103 : 7.36304595656
 104 983 : 1.6846584682
 983 104 : 1.6846584682
 105 983 : 5.77058972056
 983 105 : 5.77058972056
 106 983 : 2.98591941177
 983 106 : 2.98591941177
 107 983 : 5.03160238015
 983 107 : 5.03160238015
 108 983 : 3.36339212129
 983 108 : 3.36339212129
 109 983 : 3.48230647611
 983 109 : 3.48230647611
 110 983 : 4.171783409
 983 110 : 4.171783409
 111 983 : 6.60409299833
 983 111 : 6.60409299833
 112 983 : 3.6224550223
 983 112 : 3.6224550223
 113 983 : 4.29367458698
 983 113 : 4.29367458698
 114 983 : 3.43117431263
 983 114 : 3.43117431263
 115 983 : 2.15089528729
 983 115 : 2.15089528729
 116 983 : 4.36725906075
 983 116 : 4.36725906075
 117 983 : 4.73794201866
 983 117 : 4.73794201866
 118 983 : 5.88479737919
 983 118 : 5.88479737919
 119 983 : 6.42768198887
 983 119 : 6.42768198887
 120 983 : 3.50824015587
 983 120 : 3.50824015587
 121 983 : 4.31747475667
 983 121 : 4.31747475667
 122 983 : 3.26201435426
 983 122 : 3.26201435426
 123 983 : 5.81115524298
 983 123 : 5.81115524298
 124 983 : 4.10421024398
 983 124 : 4.10421024398
 125 983 : 4.97948274749
 983 125 : 4.97948274749
 126 983 : 3.50518404686
 983 126 : 3.50518404686
 127 983 : 5.6907849117
 983 127 : 5.6907849117
 128 983 : 10.4270403042
 983 128 : 10.4270403042
 129 983 : 8.529679532
 983 129 : 8.529679532
 130 983 : 10.6482261937
 983 130 : 10.6482261937
 131 983 : 7.07319852352
 983 131 : 7.07319852352
 132 983 : 6.75406578174
 983 132 : 6.75406578174
 133 983 : 7.58381379349
 983 133 : 7.58381379349
 134 983 : 7.32631498601
 983 134 : 7.32631498601
 135 983 : 6.63014921076
 983 135 : 6.63014921076
 136 983 : 5.95066950239
 983 136 : 5.95066950239
 137 983 : 5.91737665448
 983 137 : 5.91737665448
 138 983 : 6.3250644795
 983 138 : 6.3250644795
 139 983 : 6.14943191289
 983 139 : 6.14943191289
 140 983 : 5.53094464425
 983 140 : 5.53094464425
 141 983 : 5.70954682621
 983 141 : 5.70954682621
 142 983 : 5.13953204126
 983 142 : 5.13953204126
 143 983 : 5.97065674363
 983 143 : 5.97065674363
 144 983 : 6.03013554445
 983 144 : 6.03013554445
 145 983 : 5.47538688895
 983 145 : 5.47538688895
 146 983 : 4.34524642651
 983 146 : 4.34524642651
 147 983 : 5.70117856545
 983 147 : 5.70117856545
 148 983 : 6.00841843019
 983 148 : 6.00841843019
 149 983 : 4.86929704364
 983 149 : 4.86929704364
 150 983 : 5.79283300453
 983 150 : 5.79283300453
 151 983 : 0.948604704133
 983 151 : 0.948604704133
 152 983 : 4.13372620246
 983 152 : 4.13372620246
 153 983 : 6.98612104016
 983 153 : 6.98612104016
 154 983 : 5.94478793411
 983 154 : 5.94478793411
 155 983 : 4.93750449543
 983 155 : 4.93750449543
 156 983 : 5.0240774325
 983 156 : 5.0240774325
 157 983 : 6.12096829384
 983 157 : 6.12096829384
 158 983 : 5.20675202387
 983 158 : 5.20675202387
 159 983 : 6.99512358769
 983 159 : 6.99512358769
 160 983 : 5.83877554893
 983 160 : 5.83877554893
 161 983 : 7.5703207839
 983 161 : 7.5703207839
 162 983 : 6.21367507234
 983 162 : 6.21367507234
 163 983 : 6.11815725018
 983 163 : 6.11815725018
 164 983 : 5.56364645221
 983 164 : 5.56364645221
 165 983 : 7.05801888773
 983 165 : 7.05801888773
 166 983 : 6.09024863205
 983 166 : 6.09024863205
 167 983 : 8.21419393918
 983 167 : 8.21419393918
 168 983 : 6.42019308023
 983 168 : 6.42019308023
 169 983 : 8.80485187555
 983 169 : 8.80485187555
 170 983 : 8.08288216102
 983 170 : 8.08288216102
 171 983 : 6.39139069438
 983 171 : 6.39139069438
 172 983 : 8.9638488299
 983 172 : 8.9638488299
 173 983 : 3.57874689722
 983 173 : 3.57874689722
 174 983 : 0.192794348567
 983 174 : 0.192794348567
 175 983 : 13.4239516174
 983 175 : 13.4239516174
 176 983 : 16.6563923508
 983 176 : 16.6563923508
 177 983 : 6.22066664248
 983 177 : 6.22066664248
 178 983 : 3.30391332047
 983 178 : 3.30391332047
 179 983 : 2.32789733671
 983 179 : 2.32789733671
 180 983 : 4.96959364003
 983 180 : 4.96959364003
 181 983 : 9.76473679336
 983 181 : 9.76473679336
 182 983 : 12.1978032021
 983 182 : 12.1978032021
 183 983 : 5.901375329
 983 183 : 5.901375329
 184 983 : 6.92037865742
 983 184 : 6.92037865742
 185 983 : 5.87229904659
 983 185 : 5.87229904659
 186 983 : 8.70802944081
 983 186 : 8.70802944081
 187 983 : 4.99240634054
 983 187 : 4.99240634054
 188 983 : 5.95126054234
 983 188 : 5.95126054234
 189 983 : 5.11914116299
 983 189 : 5.11914116299
 190 983 : 6.85121977547
 983 190 : 6.85121977547
 191 983 : 6.04362855404
 983 191 : 6.04362855404
 192 983 : 5.51082766253
 983 192 : 5.51082766253
 193 983 : 3.45304279078
 983 193 : 3.45304279078
 194 983 : 4.68883524818
 983 194 : 4.68883524818
 195 983 : 3.82479971152
 983 195 : 3.82479971152
 196 983 : 4.89639117988
 983 196 : 4.89639117988
 197 983 : 3.48941337112
 983 197 : 3.48941337112
 198 983 : 3.95708454326
 983 198 : 3.95708454326
 199 983 : 11.7236161749
 983 199 : 11.7236161749
 200 983 : 4.15917695933
 983 200 : 4.15917695933
 201 983 : 10.369413909
 983 201 : 10.369413909
 202 983 : 14.4240993299
 983 202 : 14.4240993299
 203 983 : 4.48646893554
 983 203 : 4.48646893554
 204 983 : 5.57324003969
 983 204 : 5.57324003969
 205 983 : 6.0146820121
 983 205 : 6.0146820121
 206 983 : 4.11156941214
 983 206 : 4.11156941214
 207 983 : 5.81975415347
 983 207 : 5.81975415347
 208 983 : 5.25693275719
 983 208 : 5.25693275719
 209 983 : 5.6676550678
 983 209 : 5.6676550678
 210 983 : 6.41020306352
 983 210 : 6.41020306352
 211 983 : 7.66054086992
 983 211 : 7.66054086992
 212 983 : 5.34514907362
 983 212 : 5.34514907362
 213 983 : 6.88929860542
 983 213 : 6.88929860542
 214 983 : 7.36637596213
 983 214 : 7.36637596213
 215 983 : 2.12947369301
 983 215 : 2.12947369301
 216 983 : 4.48339120312
 983 216 : 4.48339120312
 217 983 : 7.11608495892
 983 217 : 7.11608495892
 218 983 : 10.7650070385
 983 218 : 10.7650070385
 219 983 : 9.7043498092
 983 219 : 9.7043498092
 220 983 : 6.06816391977
 983 220 : 6.06816391977
 221 983 : 5.60054320226
 983 221 : 5.60054320226
 222 983 : 4.39882203564
 983 222 : 4.39882203564
 223 983 : 3.48433186911
 983 223 : 3.48433186911
 224 983 : 7.16986959437
 983 224 : 7.16986959437
 225 983 : 3.90009243491
 983 225 : 3.90009243491
 226 983 : 4.09999367848
 983 226 : 4.09999367848
 227 983 : 4.64913466227
 983 227 : 4.64913466227
 228 983 : 5.95796380031
 983 228 : 5.95796380031
 229 983 : 4.93866495192
 983 229 : 4.93866495192
 230 983 : 0.0428431885704
 983 230 : 0.0428431885704
 231 983 : 9.85769584501
 983 231 : 9.85769584501
 232 983 : 2.88655982993
 983 232 : 2.88655982993
 233 983 : 9.13697308062
 983 233 : 9.13697308062
 234 983 : 8.06211647693
 983 234 : 8.06211647693
 235 983 : 7.56104433981
 983 235 : 7.56104433981
 236 983 : 6.2279681482
 983 236 : 6.2279681482
 237 983 : 6.87140162742
 983 237 : 6.87140162742
 238 983 : 6.60190182583
 983 238 : 6.60190182583
 239 983 : 10.6330321423
 983 239 : 10.6330321423
 240 983 : 12.669056653
 983 240 : 12.669056653
 241 983 : 9.36242599033
 983 241 : 9.36242599033
 242 983 : 24.3524388645
 983 242 : 24.3524388645
 243 983 : 8.64794518443
 983 243 : 8.64794518443
 244 983 : 17.8566287097
 983 244 : 17.8566287097
 245 983 : 7.00656958086
 983 245 : 7.00656958086
 246 983 : 17.2153647796
 983 246 : 17.2153647796
 247 983 : 5.28117981074
 983 247 : 5.28117981074
 248 983 : 8.77670539988
 983 248 : 8.77670539988
 249 983 : 5.88863913886
 983 249 : 5.88863913886
 250 983 : 5.94955229273
 983 250 : 5.94955229273
 251 983 : 4.70179488025
 983 251 : 4.70179488025
 252 983 : 3.23693840321
 983 252 : 3.23693840321
 253 983 : 2.36173076994
 983 253 : 2.36173076994
 254 983 : 18.2855291027
 983 254 : 18.2855291027
 255 983 : 7.55111198552
 983 255 : 7.55111198552
 256 983 : 26.0003014919
 983 256 : 26.0003014919
 257 983 : 5.11900421471
 983 257 : 5.11900421471
 258 983 : 12.5200713388
 983 258 : 12.5200713388
 259 983 : 6.42112288698
 983 259 : 6.42112288698
 260 983 : 6.19305354433
 983 260 : 6.19305354433
 261 983 : 3.40356842228
 983 261 : 3.40356842228
 262 983 : 5.9974553599
 983 262 : 5.9974553599
 263 983 : 5.25379015452
 983 263 : 5.25379015452
 264 983 : 9.19590408832
 983 264 : 9.19590408832
 265 983 : 2.43169692597
 983 265 : 2.43169692597
 266 983 : 3.83106329343
 983 266 : 3.83106329343
 267 983 : 7.56070557301
 983 267 : 7.56070557301
 268 983 : 2.87366506809
 983 268 : 2.87366506809
 269 983 : 4.56924335976
 983 269 : 4.56924335976
 270 983 : 2.55537563941
 983 270 : 2.55537563941
 271 983 : 9.29405275904
 983 271 : 9.29405275904
 272 983 : 5.15576401648
 983 272 : 5.15576401648
 273 983 : 5.40513242074
 983 273 : 5.40513242074
 274 983 : 8.01273580988
 983 274 : 8.01273580988
 275 983 : 6.80560879006
 983 275 : 6.80560879006
 276 983 : 3.98550491549
 983 276 : 3.98550491549
 277 983 : 4.01232515517
 983 277 : 4.01232515517
 278 983 : 12.064170511
 983 278 : 12.064170511
 279 983 : 5.4825730698
 983 279 : 5.4825730698
 280 983 : 16.8250621785
 983 280 : 16.8250621785
 281 983 : 23.1050490501
 983 281 : 23.1050490501
 282 983 : 36.3885710169
 983 282 : 36.3885710169
 283 983 : 11.6674097173
 983 283 : 11.6674097173
 284 983 : 13.880450693
 983 284 : 13.880450693
 285 983 : 19.0103819389
 983 285 : 19.0103819389
 286 983 : 8.24533886142
 983 286 : 8.24533886142
 287 983 : 6.44905312852
 983 287 : 6.44905312852
 288 983 : 5.53182399637
 983 288 : 5.53182399637
 289 983 : 30.7014332542
 983 289 : 30.7014332542
 290 983 : 0.272599157424
 983 290 : 0.272599157424
 291 983 : 5.84460666259
 983 291 : 5.84460666259
 292 983 : 5.42438446595
 983 292 : 5.42438446595
 293 983 : 3.98069731004
 983 293 : 3.98069731004
 294 983 : 7.13122134788
 983 294 : 7.13122134788
 295 983 : 7.64531798731
 983 295 : 7.64531798731
 296 983 : 40.6697328557
 983 296 : 40.6697328557
 297 983 : 10.0215436516
 983 297 : 10.0215436516
 298 983 : 4.89520909998
 983 298 : 4.89520909998
 299 983 : 15.9542945526
 983 299 : 15.9542945526
 300 983 : 8.95403180049
 983 300 : 8.95403180049
 301 983 : 0.433787284275
 983 301 : 0.433787284275
 302 983 : 0.0
 983 302 : 0.0
 303 983 : 37.5895425719
 983 303 : 37.5895425719
 304 983 : 40.5977557223
 983 304 : 40.5977557223
 305 983 : 195.679884888
 983 305 : 195.679884888
 306 983 : 15.4807922668
 983 306 : 15.4807922668
 307 983 : 35.0725989449
 983 307 : 35.0725989449
 308 983 : 0.781888191409
 983 308 : 0.781888191409
 309 983 : 15.6678131642
 983 309 : 15.6678131642
 310 983 : 7.02092031916
 983 310 : 7.02092031916
 311 983 : 16.851003066
 983 311 : 16.851003066
 312 983 : 16.9494256333
 983 312 : 16.9494256333
 313 983 : 17.3809424592
 983 313 : 17.3809424592
 314 983 : 21.2323822153
 983 314 : 21.2323822153
 315 983 : 20.0558451168
 983 315 : 20.0558451168
 316 983 : 20.0964466783
 983 316 : 20.0964466783
 317 983 : 7.81979009743
 983 317 : 7.81979009743
 318 983 : 18.4588263407
 983 318 : 18.4588263407
 319 983 : 8.78977314902
 983 319 : 8.78977314902
 320 983 : 6.08144790304
 983 320 : 6.08144790304
 321 983 : 17.0717348639
 983 321 : 17.0717348639
 322 983 : 14.6549292616
 983 322 : 14.6549292616
 323 983 : 7.76813897204
 983 323 : 7.76813897204
 324 983 : 26.9648931059
 983 324 : 26.9648931059
 325 983 : 6.97401913679
 983 325 : 6.97401913679
 326 983 : 6.08624109288
 983 326 : 6.08624109288
 327 983 : 5.16741903598
 983 327 : 5.16741903598
 328 983 : 6.15598380697
 983 328 : 6.15598380697
 329 983 : 4.67414574308
 983 329 : 4.67414574308
 330 983 : 7.2565650641
 983 330 : 7.2565650641
 331 983 : 3.30299792933
 983 331 : 3.30299792933
 332 983 : 13.9533648409
 983 332 : 13.9533648409
 333 983 : 12.3075492299
 983 333 : 12.3075492299
 334 983 : 12.9060708808
 983 334 : 12.9060708808
 335 983 : 18.5279924305
 983 335 : 18.5279924305
 336 983 : 12.4094747901
 983 336 : 12.4094747901
 337 983 : 7.59931057267
 983 337 : 7.59931057267
 338 983 : 10.366249683
 983 338 : 10.366249683
 339 983 : 7.38497209714
 983 339 : 7.38497209714
 340 983 : 19.5575840234
 983 340 : 19.5575840234
 341 983 : 13.6853426392
 983 341 : 13.6853426392
 342 983 : 3.62560483277
 983 342 : 3.62560483277
 343 983 : 27.6402571581
 983 343 : 27.6402571581
 344 983 : 11.0477836155
 983 344 : 11.0477836155
 345 983 : 16.3230602346
 983 345 : 16.3230602346
 346 983 : 10.5871544682
 983 346 : 10.5871544682
 347 983 : 6.45926658717
 983 347 : 6.45926658717
 348 983 : 11.4012182978
 983 348 : 11.4012182978
 349 983 : 13.1431932256
 983 349 : 13.1431932256
 350 983 : 20.0387049583
 983 350 : 20.0387049583
 351 983 : 9.06896023955
 983 351 : 9.06896023955
 352 983 : 19.6184899694
 983 352 : 19.6184899694
 353 983 : 6.43360680397
 983 353 : 6.43360680397
 354 983 : 8.94322730189
 983 354 : 8.94322730189
 355 983 : 10.7756890044
 983 355 : 10.7756890044
 356 983 : 7.86664082517
 983 356 : 7.86664082517
 357 983 : 6.16353758585
 983 357 : 6.16353758585
 358 983 : 12.8033668777
 983 358 : 12.8033668777
 359 983 : 3.08486094096
 983 359 : 3.08486094096
 360 983 : 10.1724678652
 983 360 : 10.1724678652
 361 983 : 9.63418183465
 983 361 : 9.63418183465
 362 983 : 15.9142984467
 983 362 : 15.9142984467
 363 983 : 14.888382834
 983 363 : 14.888382834
 364 983 : 5.44517177345
 983 364 : 5.44517177345
 365 983 : 8.19564105099
 983 365 : 8.19564105099
 366 983 : 2.11174249451
 983 366 : 2.11174249451
 367 983 : 3.6999605416
 983 367 : 3.6999605416
 368 983 : 3.51296126766
 983 368 : 3.51296126766
 369 983 : 5.06061379233
 983 369 : 5.06061379233
 370 983 : 4.91353133843
 983 370 : 4.91353133843
 371 983 : 0.304983822002
 983 371 : 0.304983822002
 372 983 : 10.1373586506
 983 372 : 10.1373586506
 373 983 : 26.6681333886
 983 373 : 26.6681333886
 374 983 : 3.61090091206
 983 374 : 3.61090091206
 375 983 : 1.05516488243
 983 375 : 1.05516488243
 376 983 : 5.38008530091
 983 376 : 5.38008530091
 377 983 : 3.16492523077
 983 377 : 3.16492523077
 378 983 : 4.82383742212
 983 378 : 4.82383742212
 379 983 : 4.12847892095
 983 379 : 4.12847892095
 380 983 : 3.16180425152
 983 380 : 3.16180425152
 381 983 : 5.02287372918
 983 381 : 5.02287372918
 382 983 : 18.8779097043
 983 382 : 18.8779097043
 383 983 : 20.6270924363
 983 383 : 20.6270924363
 384 983 : 18.8458133519
 983 384 : 18.8458133519
 385 983 : 19.7974813728
 983 385 : 19.7974813728
 386 983 : 21.3178163193
 983 386 : 21.3178163193
 387 983 : 29.0869355527
 983 387 : 29.0869355527
 388 983 : 20.527711231
 983 388 : 20.527711231
 389 983 : 10.353210765
 983 389 : 10.353210765
 390 983 : 5.56934061758
 983 390 : 5.56934061758
 391 983 : 13.5482574098
 983 391 : 13.5482574098
 392 983 : 7.89480892425
 983 392 : 7.89480892425
 393 983 : 4.80391505112
 983 393 : 4.80391505112
 394 983 : 5.64459009414
 983 394 : 5.64459009414
 395 983 : 8.0656266776
 983 395 : 8.0656266776
 396 983 : 12.3563821039
 983 396 : 12.3563821039
 397 983 : 13.5321047205
 983 397 : 13.5321047205
 398 983 : 40.9046712358
 983 398 : 40.9046712358
 399 983 : 8.3530378728
 983 399 : 8.3530378728
 400 983 : 22.4062452185
 983 400 : 22.4062452185
 401 983 : 16.0575031019
 983 401 : 16.0575031019
 402 983 : 28.8446956669
 983 402 : 28.8446956669
 403 983 : 85.9908492086
 983 403 : 85.9908492086
 404 983 : 10.8616348625
 983 404 : 10.8616348625
 405 983 : 8.53114992407
 983 405 : 8.53114992407
 406 983 : 51.6335095125
 983 406 : 51.6335095125
 407 983 : 17.316065013
 983 407 : 17.316065013
 408 983 : 8.57480038672
 983 408 : 8.57480038672
 409 983 : 6.3036212618
 983 409 : 6.3036212618
 410 983 : 13.948686976
 983 410 : 13.948686976
 411 983 : 12.7641924615
 983 411 : 12.7641924615
 412 983 : 5.99832029641
 983 412 : 5.99832029641
 413 983 : 4.00804371943
 983 413 : 4.00804371943
 414 983 : 4.74453715956
 983 414 : 4.74453715956
 415 983 : 4.29112302426
 983 415 : 4.29112302426
 416 983 : 11.6918585893
 983 416 : 11.6918585893
 417 983 : 5.86837800106
 983 417 : 5.86837800106
 418 983 : 6.74662011993
 983 418 : 6.74662011993
 419 983 : 7.02569188559
 983 419 : 7.02569188559
 420 983 : 4.09560412568
 983 420 : 4.09560412568
 421 983 : 4.4203661626
 983 421 : 4.4203661626
 422 983 : 6.80741074113
 983 422 : 6.80741074113
 423 983 : 8.86559204212
 983 423 : 8.86559204212
 424 983 : 16.0421144398
 983 424 : 16.0421144398
 425 983 : 23.9122222188
 983 425 : 23.9122222188
 426 983 : 21.6532963612
 983 426 : 21.6532963612
 427 983 : 27.3538118086
 983 427 : 27.3538118086
 428 983 : 29.1794765517
 983 428 : 29.1794765517
 429 983 : 24.8005552637
 983 429 : 24.8005552637
 430 983 : 42.7964315441
 983 430 : 42.7964315441
 431 983 : 108.513968973
 983 431 : 108.513968973
 432 983 : 133.523774003
 983 432 : 133.523774003
 433 983 : 51.0455689183
 983 433 : 51.0455689183
 434 983 : 140.989797859
 983 434 : 140.989797859
 435 983 : 30.0539561968
 983 435 : 30.0539561968
 436 983 : 11.7390336683
 983 436 : 11.7390336683
 437 983 : 17.7697962917
 983 437 : 17.7697962917
 438 983 : 17.838832641
 983 438 : 17.838832641
 439 983 : 3.94692874704
 983 439 : 3.94692874704
 440 983 : 11.242459201
 983 440 : 11.242459201
 441 983 : 20.2756326924
 983 441 : 20.2756326924
 442 983 : 46.2948762939
 983 442 : 46.2948762939
 443 983 : 35.3976420861
 983 443 : 35.3976420861
 444 983 : 14.3623356551
 983 444 : 14.3623356551
 445 983 : 2.83836124279
 983 445 : 2.83836124279
 446 983 : 16.526759991
 983 446 : 16.526759991
 447 983 : 12.2820119794
 983 447 : 12.2820119794
 448 983 : 13.1665897582
 983 448 : 13.1665897582
 449 983 : 15.4342586825
 983 449 : 15.4342586825
 450 983 : 1.89581109424
 983 450 : 1.89581109424
 451 983 : 15.2164172141
 983 451 : 15.2164172141
 452 983 : 13.3875666215
 983 452 : 13.3875666215
 453 983 : 11.7448864053
 983 453 : 11.7448864053
 454 983 : 10.8949925807
 983 454 : 10.8949925807
 455 983 : 12.9676183214
 983 455 : 12.9676183214
 456 983 : 5.39859494227
 983 456 : 5.39859494227
 457 983 : 7.22698423539
 983 457 : 7.22698423539
 458 983 : 9.89377090537
 983 458 : 9.89377090537
 459 983 : 7.53498091957
 983 459 : 7.53498091957
 460 983 : 10.5086686875
 983 460 : 10.5086686875
 461 983 : 7.99109798147
 983 461 : 7.99109798147
 462 983 : 14.6145367265
 983 462 : 14.6145367265
 463 983 : 10.3670281258
 983 463 : 10.3670281258
 464 983 : 7.65962547878
 983 464 : 7.65962547878
 465 983 : 3.00973399707
 983 465 : 3.00973399707
 466 983 : 7.84030350837
 983 466 : 7.84030350837
 467 983 : 6.90068693616
 983 467 : 6.90068693616
 468 983 : 10.2329845898
 983 468 : 10.2329845898
 469 983 : 5.13847249404
 983 469 : 5.13847249404
 470 983 : 9.60928607871
 983 470 : 9.60928607871
 471 983 : 18.7292415335
 983 471 : 18.7292415335
 472 983 : 10.2369632978
 983 472 : 10.2369632978
 473 983 : 16.1693898476
 983 473 : 16.1693898476
 474 983 : 4.74096208864
 983 474 : 4.74096208864
 475 983 : 12.5939369169
 983 475 : 12.5939369169
 476 983 : 15.4279518537
 983 476 : 15.4279518537
 477 983 : 16.0578346609
 983 477 : 16.0578346609
 478 983 : 11.5711711147
 983 478 : 11.5711711147
 479 983 : 8.63872640277
 983 479 : 8.63872640277
 480 983 : 18.2274918627
 983 480 : 18.2274918627
 481 983 : 25.7508249706
 983 481 : 25.7508249706
 482 983 : 17.5103369615
 983 482 : 17.5103369615
 483 983 : 11.1322734972
 983 483 : 11.1322734972
 484 983 : 14.4439928697
 983 484 : 14.4439928697
 485 983 : 12.6226744325
 983 485 : 12.6226744325
 486 983 : 26.5830092202
 983 486 : 26.5830092202
 487 983 : 6.25797423737
 983 487 : 6.25797423737
 488 983 : 24.8927502881
 983 488 : 24.8927502881
 489 983 : 16.0257671397
 983 489 : 16.0257671397
 490 983 : 11.587986922
 983 490 : 11.587986922
 491 983 : 7.57253357981
 983 491 : 7.57253357981
 492 983 : 1.70837214424
 983 492 : 1.70837214424
 493 983 : 30.4236012309
 983 493 : 30.4236012309
 494 983 : 3.77026546443
 983 494 : 3.77026546443
 495 983 : 23.6921463311
 983 495 : 23.6921463311
 496 983 : 16.4678506067
 983 496 : 16.4678506067
 497 983 : 45.2401438798
 983 497 : 45.2401438798
 498 983 : 5.0583649574
 983 498 : 5.0583649574
 499 983 : 13.7689315453
 983 499 : 13.7689315453
 500 983 : 27.9449382523
 983 500 : 27.9449382523
 501 983 : 15.0375195121
 983 501 : 15.0375195121
 502 983 : 13.5833161698
 983 502 : 13.5833161698
 503 983 : 34.7665339522
 983 503 : 34.7665339522
 504 983 : 11.8763351318
 983 504 : 11.8763351318
 505 983 : 33.6889600063
 983 505 : 33.6889600063
 506 983 : 10.0340852311
 983 506 : 10.0340852311
 507 983 : 4.54699286798
 983 507 : 4.54699286798
 508 983 : 1.93338537789
 983 508 : 1.93338537789
 509 983 : 15.0407558162
 983 509 : 15.0407558162
 510 983 : 35.3873277182
 983 510 : 35.3873277182
 511 983 : 5.80508627178
 983 511 : 5.80508627178
 512 983 : 37.0477247173
 983 512 : 37.0477247173
 513 983 : 23.6655062865
 983 513 : 23.6655062865
 514 983 : 35.7839299403
 983 514 : 35.7839299403
 515 983 : 54.3198077086
 983 515 : 54.3198077086
 516 983 : 11.0852137431
 983 516 : 11.0852137431
 517 983 : 0.0
 983 517 : 0.0
 518 983 : 3.51849686134
 983 518 : 3.51849686134
 519 983 : 11.0318976149
 983 519 : 11.0318976149
 520 983 : 11.042831854
 983 520 : 11.042831854
 521 983 : 26.0486586508
 983 521 : 26.0486586508
 522 983 : 16.7508434179
 983 522 : 16.7508434179
 523 983 : 2.90262602564
 983 523 : 2.90262602564
 524 983 : 4.14874726655
 983 524 : 4.14874726655
 525 983 : 6.43183368412
 983 525 : 6.43183368412
 526 983 : 6.55562051463
 983 526 : 6.55562051463
 527 983 : 5.57496991272
 983 527 : 5.57496991272
 528 983 : 15.5817087344
 983 528 : 15.5817087344
 529 983 : 33.6426138249
 983 529 : 33.6426138249
 530 983 : 26.782348255
 983 530 : 26.782348255
 531 983 : 12.9194197343
 983 531 : 12.9194197343
 532 983 : 3.57099850763
 983 532 : 3.57099850763
 533 983 : 4.38607142989
 983 533 : 4.38607142989
 534 983 : 9.89103193975
 983 534 : 9.89103193975
 535 983 : 21.431505016
 983 535 : 21.431505016
 536 983 : 14.0900536411
 983 536 : 14.0900536411
 537 983 : 7.6581406711
 983 537 : 7.6581406711
 538 983 : 24.6027010365
 983 538 : 24.6027010365
 539 983 : 28.206884275
 983 539 : 28.206884275
 540 983 : 5.77641362641
 983 540 : 5.77641362641
 541 983 : 7.02827227952
 983 541 : 7.02827227952
 542 983 : 7.78674952266
 983 542 : 7.78674952266
 543 983 : 4.88412349702
 983 543 : 4.88412349702
 544 983 : 9.52725405833
 983 544 : 9.52725405833
 545 983 : 8.12274852643
 983 545 : 8.12274852643
 546 983 : 1.66552895567
 983 546 : 1.66552895567
 547 983 : 6.30948120667
 983 547 : 6.30948120667
 548 983 : 7.34008189216
 983 548 : 7.34008189216
 549 983 : 8.12594879152
 983 549 : 8.12594879152
 550 983 : 26.5454781834
 983 550 : 26.5454781834
 551 983 : 10.1105384109
 983 551 : 10.1105384109
 552 983 : 16.4025839391
 983 552 : 16.4025839391
 553 983 : 11.9031625793
 983 553 : 11.9031625793
 554 983 : 18.4692055789
 983 554 : 18.4692055789
 555 983 : 12.9086584825
 983 555 : 12.9086584825
 556 983 : 20.1698653725
 983 556 : 20.1698653725
 557 983 : 10.1486604877
 983 557 : 10.1486604877
 558 983 : 11.0116004381
 983 558 : 11.0116004381
 559 983 : 5.40013741239
 983 559 : 5.40013741239
 560 983 : 5.82177954647
 983 560 : 5.82177954647
 561 983 : 7.20339309202
 983 561 : 7.20339309202
 562 983 : 7.84958716027
 983 562 : 7.84958716027
 563 983 : 12.3685777087
 983 563 : 12.3685777087
 564 983 : 10.8921743292
 983 564 : 10.8921743292
 565 983 : 15.5039509419
 983 565 : 15.5039509419
 566 983 : 30.3416917432
 983 566 : 30.3416917432
 567 983 : 8.27053734515
 983 567 : 8.27053734515
 568 983 : 13.255714258
 983 568 : 13.255714258
 569 983 : 11.1866563804
 983 569 : 11.1866563804
 570 983 : 6.54235815477
 983 570 : 6.54235815477
 571 983 : 24.1925048956
 983 571 : 24.1925048956
 572 983 : 10.5578042892
 983 572 : 10.5578042892
 573 983 : 34.9704715662
 983 573 : 34.9704715662
 574 983 : 18.1689500765
 983 574 : 18.1689500765
 575 983 : 10.1882169175
 983 575 : 10.1882169175
 576 983 : 13.3669162623
 983 576 : 13.3669162623
 577 983 : 13.8911326589
 983 577 : 13.8911326589
 578 983 : 16.0869181512
 983 578 : 16.0869181512
 579 983 : 6.50312607614
 983 579 : 6.50312607614
 580 983 : 4.81628364325
 983 580 : 4.81628364325
 581 983 : 15.5822925665
 983 581 : 15.5822925665
 582 983 : 3.47373639683
 983 582 : 3.47373639683
 583 983 : 15.7341610025
 983 583 : 15.7341610025
 584 983 : 38.0822392405
 983 584 : 38.0822392405
 585 983 : 15.8078175543
 983 585 : 15.8078175543
 586 983 : 14.1761220318
 983 586 : 14.1761220318
 587 983 : 8.60528939877
 983 587 : 8.60528939877
 588 983 : 12.7929443928
 983 588 : 12.7929443928
 589 983 : 12.9969540848
 983 589 : 12.9969540848
 590 983 : 7.51480627543
 983 590 : 7.51480627543
 591 983 : 1.18904984672
 983 591 : 1.18904984672
 592 983 : 3.86912049997
 983 592 : 3.86912049997
 593 983 : 6.26838230673
 983 593 : 6.26838230673
 594 983 : 9.88157530055
 983 594 : 9.88157530055
 595 983 : 4.57921896087
 983 595 : 4.57921896087
 596 983 : 5.51946981985
 983 596 : 5.51946981985
 597 983 : 4.59047755113
 983 597 : 4.59047755113
 598 983 : 8.57876467907
 983 598 : 8.57876467907
 599 983 : 8.12631638954
 983 599 : 8.12631638954
 600 983 : 24.8427569577
 983 600 : 24.8427569577
 601 983 : 7.3308703183
 983 601 : 7.3308703183
 602 983 : 6.55653590577
 983 602 : 6.55653590577
 603 983 : 3.85857548232
 983 603 : 3.85857548232
 604 983 : 24.2496411601
 983 604 : 24.2496411601
 605 983 : 9.33125944467
 983 605 : 9.33125944467
 606 983 : 3.91347011963
 983 606 : 3.91347011963
 607 983 : 8.28786490661
 983 607 : 8.28786490661
 608 983 : 28.3293304539
 983 608 : 28.3293304539
 609 983 : 33.264636569
 983 609 : 33.264636569
 610 983 : 9.31950351591
 983 610 : 9.31950351591
 611 983 : 21.2866786049
 983 611 : 21.2866786049
 612 983 : 13.0762183083
 983 612 : 13.0762183083
 613 983 : 12.432013594
 983 613 : 12.432013594
 614 983 : 11.2798677052
 983 614 : 11.2798677052
 615 983 : 26.5409805135
 983 615 : 26.5409805135
 616 983 : 3.18110675135
 983 616 : 3.18110675135
 617 983 : 10.1465630167
 983 617 : 10.1465630167
 618 983 : 12.7710182522
 983 618 : 12.7710182522
 619 983 : 10.7911641602
 983 619 : 10.7911641602
 620 983 : 3.02479830799
 983 620 : 3.02479830799
 621 983 : 7.52765058263
 983 621 : 7.52765058263
 622 983 : 4.20062904168
 983 622 : 4.20062904168
 623 983 : 5.21202092879
 983 623 : 5.21202092879
 624 983 : 8.66627463069
 983 624 : 8.66627463069
 625 983 : 9.82023688623
 983 625 : 9.82023688623
 626 983 : 10.4278475782
 983 626 : 10.4278475782
 627 983 : 1.090901176
 983 627 : 1.090901176
 628 983 : 24.4903601992
 983 628 : 24.4903601992
 629 983 : 20.2726126224
 983 629 : 20.2726126224
 630 983 : 16.8320177096
 983 630 : 16.8320177096
 631 983 : 40.0517429255
 983 631 : 40.0517429255
 632 983 : 11.2291535943
 983 632 : 11.2291535943
 633 983 : 0.872929967121
 983 633 : 0.872929967121
 634 983 : 2.60807910422
 983 634 : 2.60807910422
 635 983 : 5.03943005559
 983 635 : 5.03943005559
 636 983 : 5.03943005559
 983 636 : 5.03943005559
 637 983 : 9.75077527649
 983 637 : 9.75077527649
 638 983 : 8.25505498158
 983 638 : 8.25505498158
 639 983 : 6.40879033388
 983 639 : 6.40879033388
 640 983 : 3.97764120103
 983 640 : 3.97764120103
 641 983 : 6.7317143807
 983 641 : 6.7317143807
 642 983 : 3.62890600712
 983 642 : 3.62890600712
 643 983 : 4.11576435422
 983 643 : 4.11576435422
 644 983 : 2.11589418976
 983 644 : 2.11589418976
 645 983 : 11.1021376675
 983 645 : 11.1021376675
 646 983 : 3.1312071224
 983 646 : 3.1312071224
 647 983 : 12.2606192163
 983 647 : 12.2606192163
 648 983 : 8.92959013621
 983 648 : 8.92959013621
 649 983 : 26.8949990279
 983 649 : 26.8949990279
 650 983 : 14.8409482741
 983 650 : 14.8409482741
 651 983 : 7.93670068266
 983 651 : 7.93670068266
 652 983 : 3.60953863705
 983 652 : 3.60953863705
 653 983 : 7.2190772741
 983 653 : 7.2190772741
 654 983 : 1.12998909854
 983 654 : 1.12998909854
 655 983 : 27.569591845
 983 655 : 27.569591845
 656 983 : 20.1952080123
 983 656 : 20.1952080123
 657 983 : 20.811078848
 983 657 : 20.811078848
 658 983 : 13.5447976638
 983 658 : 13.5447976638
 659 983 : 7.6871737067
 983 659 : 7.6871737067
 660 983 : 3.58788639303
 983 660 : 3.58788639303
 661 983 : 6.07755568873
 983 661 : 6.07755568873
 662 983 : 7.08762133986
 983 662 : 7.08762133986
 663 983 : 5.58588973618
 983 663 : 5.58588973618
 664 983 : 8.94887822044
 983 664 : 8.94887822044
 665 983 : 7.65045715175
 983 665 : 7.65045715175
 666 983 : 9.43544104756
 983 666 : 9.43544104756
 667 983 : 15.0505151832
 983 667 : 15.0505151832
 668 983 : 11.1987006213
 983 668 : 11.1987006213
 669 983 : 12.0549805606
 983 669 : 12.0549805606
 670 983 : 11.3266679783
 983 670 : 11.3266679783
 671 983 : 10.0467277197
 983 671 : 10.0467277197
 672 983 : 5.74098726843
 983 672 : 5.74098726843
 673 983 : 0.0214215942852
 983 673 : 0.0214215942852
 674 983 : 17.9191636195
 983 674 : 17.9191636195
 675 983 : 3.50243066563
 983 675 : 3.50243066563
 676 983 : 11.8658910234
 983 676 : 11.8658910234
 677 983 : 10.7885693506
 983 677 : 10.7885693506
 678 983 : 5.51713449127
 983 678 : 5.51713449127
 679 983 : 11.3034444329
 983 679 : 11.3034444329
 680 983 : 13.9749594225
 983 680 : 13.9749594225
 681 983 : 8.76437284678
 983 681 : 8.76437284678
 682 983 : 12.8673721796
 983 682 : 12.8673721796
 683 983 : 7.59190815768
 983 683 : 7.59190815768
 684 983 : 7.51584419924
 983 684 : 7.51584419924
 685 983 : 5.34980531518
 983 685 : 5.34980531518
 686 983 : 4.62433981558
 983 686 : 4.62433981558
 687 983 : 8.50278000647
 983 687 : 8.50278000647
 688 983 : 9.89727389825
 983 688 : 9.89727389825
 689 983 : 11.0297496893
 983 689 : 11.0297496893
 690 983 : 8.03616117376
 983 690 : 8.03616117376
 691 983 : 15.915134552
 983 691 : 15.915134552
 692 983 : 9.50072213082
 983 692 : 9.50072213082
 693 983 : 6.69661237392
 983 693 : 6.69661237392
 694 983 : 8.87289354784
 983 694 : 8.87289354784
 695 983 : 9.78569708817
 983 695 : 9.78569708817
 696 983 : 10.9070440294
 983 696 : 10.9070440294
 697 983 : 8.87483244719
 983 697 : 8.87483244719
 698 983 : 6.90998500367
 983 698 : 6.90998500367
 699 983 : 8.37011316111
 983 699 : 8.37011316111
 700 983 : 18.1443138015
 983 700 : 18.1443138015
 701 983 : 6.12994921796
 983 701 : 6.12994921796
 702 983 : 2.97444458737
 983 702 : 2.97444458737
 703 983 : 2.40457395851
 983 703 : 2.40457395851
 704 983 : 5.73563186986
 983 704 : 5.73563186986
 705 983 : 2.63485609708
 983 705 : 2.63485609708
 706 983 : 4.33787284275
 983 706 : 4.33787284275
 707 983 : 11.2784693911
 983 707 : 11.2784693911
 708 983 : 17.629885603
 983 708 : 17.629885603
 709 983 : 21.1016758927
 983 709 : 21.1016758927
 710 983 : 1.15236212299
 983 710 : 1.15236212299
 711 983 : 23.1948582912
 983 711 : 23.1948582912
 712 983 : 17.7620767333
 983 712 : 17.7620767333
 713 983 : 12.0470519759
 983 713 : 12.0470519759
 714 983 : 18.5320071775
 983 714 : 18.5320071775
 715 983 : 16.0658713627
 983 715 : 16.0658713627
 716 983 : 7.92062007134
 983 716 : 7.92062007134
 717 983 : 3.17563602791
 983 717 : 3.17563602791
 718 983 : 14.7653023683
 983 718 : 14.7653023683
 719 983 : 12.6948461767
 983 719 : 12.6948461767
 720 983 : 29.875382846
 983 720 : 29.875382846
 721 983 : 21.5604165954
 983 721 : 21.5604165954
 722 983 : 23.7023597898
 983 722 : 23.7023597898
 723 983 : 15.5455111413
 983 723 : 15.5455111413
 724 983 : 8.43851522362
 983 724 : 8.43851522362
 725 983 : 15.1883788555
 983 725 : 15.1883788555
 726 983 : 10.6251107654
 983 726 : 10.6251107654
 727 983 : 9.43085688405
 983 727 : 9.43085688405
 728 983 : 7.30476365125
 983 728 : 7.30476365125
 729 983 : 10.6237917373
 983 729 : 10.6237917373
 730 983 : 10.9338570613
 983 730 : 10.9338570613
 731 983 : 5.59373182723
 983 731 : 5.59373182723
 732 983 : 8.32234704223
 983 732 : 8.32234704223
 733 983 : 8.93276157009
 983 733 : 8.93276157009
 734 983 : 6.43643226325
 983 734 : 6.43643226325
 735 983 : 10.8612816801
 983 735 : 10.8612816801
 736 983 : 12.9077142601
 983 736 : 12.9077142601
 737 983 : 10.5987446174
 983 737 : 10.5987446174
 738 983 : 17.2399578077
 983 738 : 17.2399578077
 739 983 : 7.53884430266
 983 739 : 7.53884430266
 740 983 : 10.6060461232
 983 740 : 10.6060461232
 741 983 : 5.59438773742
 983 741 : 5.59438773742
 742 983 : 3.51222607163
 983 742 : 3.51222607163
 743 983 : 3.75693102653
 983 743 : 3.75693102653
 744 983 : 11.0071099761
 983 744 : 11.0071099761
 745 983 : 8.90550886215
 983 745 : 8.90550886215
 746 983 : 4.45956220221
 983 746 : 4.45956220221
 747 983 : 11.3103423016
 983 747 : 11.3103423016
 748 983 : 6.63822915934
 983 748 : 6.63822915934
 749 983 : 10.117753423
 983 749 : 10.117753423
 750 983 : 4.48729062523
 983 750 : 4.48729062523
 751 983 : 31.542374986
 983 751 : 31.542374986
 752 983 : 8.30420499888
 983 752 : 8.30420499888
 753 983 : 10.3247399382
 983 753 : 10.3247399382
 754 983 : 8.53632512754
 983 754 : 8.53632512754
 755 983 : 11.8802057227
 983 755 : 11.8802057227
 756 983 : 11.6196724296
 983 756 : 11.6196724296
 757 983 : 4.18256628418
 983 757 : 4.18256628418
 758 983 : 6.30865951698
 983 758 : 6.30865951698
 759 983 : 5.64459009414
 983 759 : 5.64459009414
 760 983 : 15.0205667565
 983 760 : 15.0205667565
 761 983 : 24.5414779471
 983 761 : 24.5414779471
 762 983 : 6.90743344096
 983 762 : 6.90743344096
 763 983 : 0.765821995695
 983 763 : 0.765821995695
 764 983 : 6.0455890768
 983 764 : 6.0455890768
 765 983 : 11.8960700999
 983 765 : 11.8960700999
 766 983 : 16.2663780618
 983 766 : 16.2663780618
 767 983 : 14.973189859
 983 767 : 14.973189859
 768 983 : 13.500563369
 983 768 : 13.500563369
 769 983 : 5.12247837637
 983 769 : 5.12247837637
 770 983 : 6.73045301496
 983 770 : 6.73045301496
 771 983 : 18.2178838596
 983 771 : 18.2178838596
 772 983 : 15.5903580995
 983 772 : 15.5903580995
 773 983 : 13.5625288623
 983 773 : 13.5625288623
 774 983 : 29.5138826308
 983 774 : 29.5138826308
 775 983 : 18.1791347039
 983 775 : 18.1791347039
 776 983 : 9.95852581892
 983 776 : 9.95852581892
 777 983 : 3.22930533849
 983 777 : 3.22930533849
 778 983 : 8.07105415422
 983 778 : 8.07105415422
 779 983 : 6.06456722544
 983 779 : 6.06456722544
 780 983 : 2.84907203993
 983 780 : 2.84907203993
 781 983 : 6.08516713004
 983 781 : 6.08516713004
 782 983 : 8.59153690823
 983 782 : 8.59153690823
 783 983 : 10.0134709109
 983 783 : 10.0134709109
 784 983 : 6.72029001094
 983 784 : 6.72029001094
 785 983 : 7.00922926064
 983 785 : 7.00922926064
 786 983 : 5.96224523605
 983 786 : 5.96224523605
 787 983 : 6.69553120328
 983 787 : 6.69553120328
 788 983 : 10.5960056518
 983 788 : 10.5960056518
 789 983 : 8.12530729694
 983 789 : 8.12530729694
 790 983 : 4.01346398824
 983 790 : 4.01346398824
 791 983 : 6.82912785539
 983 791 : 6.82912785539
 792 983 : 8.69245337579
 983 792 : 8.69245337579
 793 983 : 7.08806101592
 983 793 : 7.08806101592
 794 983 : 6.04597109043
 983 794 : 6.04597109043
 795 983 : 10.609440999
 983 795 : 10.609440999
 796 983 : 8.36988251137
 983 796 : 8.36988251137
 797 983 : 11.3189916667
 983 797 : 11.3189916667
 798 983 : 8.39309884892
 983 798 : 8.39309884892
 799 983 : 8.01058788421
 983 799 : 8.01058788421
 800 983 : 12.7022702151
 983 800 : 12.7022702151
 801 983 : 9.67843775286
 983 801 : 9.67843775286
 802 983 : 6.39215472163
 983 802 : 6.39215472163
 803 983 : 16.2391758085
 983 803 : 16.2391758085
 804 983 : 10.3354579431
 983 804 : 10.3354579431
