c 2014 Trip Generation
c Trip Generation is based on Land Use Vision 2.0 using the PSRC 3700 Zone System
t matrices
a matrix=mf25 airport 0 SeaTac Airport Trips
 1 983 : 9.77271206225
 983 1 : 9.77271206225
 2 983 : 19.5128720439
 983 2 : 19.5128720439
 3 983 : 25.0654979969
 983 3 : 25.0654979969
 4 983 : 27.6160515273
 983 4 : 27.6160515273
 5 983 : 9.55364457455
 983 5 : 9.55364457455
 6 983 : 10.0023341106
 983 6 : 10.0023341106
 7 983 : 4.80422745038
 983 7 : 4.80422745038
 8 983 : 11.8629785932
 983 8 : 11.8629785932
 9 983 : 7.35635499119
 983 9 : 7.35635499119
 10 983 : 6.23314887733
 983 10 : 6.23314887733
 11 983 : 14.8474182365
 983 11 : 14.8474182365
 12 983 : 9.98979030978
 983 12 : 9.98979030978
 13 983 : 16.2835337602
 983 13 : 16.2835337602
 14 983 : 12.7180814836
 983 14 : 12.7180814836
 15 983 : 14.3448453988
 983 15 : 14.3448453988
 16 983 : 18.2571110766
 983 16 : 18.2571110766
 17 983 : 33.0589699194
 983 17 : 33.0589699194
 18 983 : 8.41030464637
 983 18 : 8.41030464637
 19 983 : 15.032832802
 983 19 : 15.032832802
 20 983 : 30.1684784198
 983 20 : 30.1684784198
 21 983 : 14.9373878999
 983 21 : 14.9373878999
 22 983 : 12.7778262842
 983 22 : 12.7778262842
 23 983 : 22.6094526875
 983 23 : 22.6094526875
 24 983 : 17.2436318367
 983 24 : 17.2436318367
 25 983 : 15.9086392405
 983 25 : 15.9086392405
 26 983 : 14.8825003216
 983 26 : 14.8825003216
 27 983 : 17.875495629
 983 27 : 17.875495629
 28 983 : 3.84699735602
 983 28 : 3.84699735602
 29 983 : 16.2689910627
 983 29 : 16.2689910627
 30 983 : 15.6811705928
 983 30 : 15.6811705928
 31 983 : 21.6222681126
 983 31 : 21.6222681126
 32 983 : 7.29306625301
 983 32 : 7.29306625301
 33 983 : 3.7950453555
 983 33 : 3.7950453555
 34 983 : 7.00470368061
 983 34 : 7.00470368061
 35 983 : 12.1875434054
 983 35 : 12.1875434054
 36 983 : 11.5897670782
 983 36 : 11.5897670782
 37 983 : 10.4192633996
 983 37 : 10.4192633996
 38 983 : 24.6186335404
 983 38 : 24.6186335404
 39 983 : 13.8156592314
 983 39 : 13.8156592314
 40 983 : 14.6341543087
 983 40 : 14.6341543087
 41 983 : 10.1477128036
 983 41 : 10.1477128036
 42 983 : 13.7967035108
 983 42 : 13.7967035108
 43 983 : 12.273582871
 983 43 : 12.273582871
 44 983 : 7.04509684384
 983 44 : 7.04509684384
 45 983 : 14.1289935275
 983 45 : 14.1289935275
 46 983 : 6.59178184152
 983 46 : 6.59178184152
 47 983 : 17.619337503
 983 47 : 17.619337503
 48 983 : 14.8229389946
 983 48 : 14.8229389946
 49 983 : 10.242114803
 983 49 : 10.242114803
 50 983 : 5.19297905576
 983 50 : 5.19297905576
 51 983 : 5.20806251762
 983 51 : 5.20806251762
 52 983 : 6.73140525705
 983 52 : 6.73140525705
 53 983 : 4.06545648386
 983 53 : 4.06545648386
 54 983 : 6.27278883312
 983 54 : 6.27278883312
 55 983 : 8.66341131656
 983 55 : 8.66341131656
 56 983 : 6.93329382115
 983 56 : 6.93329382115
 57 983 : 10.2424334677
 983 57 : 10.2424334677
 58 983 : 11.031862463
 983 58 : 11.031862463
 59 983 : 8.88141658863
 983 59 : 8.88141658863
 60 983 : 7.41665986912
 983 60 : 7.41665986912
 61 983 : 10.7547207502
 983 61 : 10.7547207502
 62 983 : 9.52557311256
 983 62 : 9.52557311256
 63 983 : 6.79361246659
 983 63 : 6.79361246659
 64 983 : 7.64521004539
 983 64 : 7.64521004539
 65 983 : 9.86109805867
 983 65 : 9.86109805867
 66 983 : 10.6128956513
 983 66 : 10.6128956513
 67 983 : 24.3243032475
 983 67 : 24.3243032475
 68 983 : 8.73931145115
 983 68 : 8.73931145115
 69 983 : 29.0279678478
 983 69 : 29.0279678478
 70 983 : 24.214624656
 983 70 : 24.214624656
 71 983 : 18.1073000476
 983 71 : 18.1073000476
 72 983 : 6.31380966922
 983 72 : 6.31380966922
 73 983 : 15.578531594
 983 73 : 15.578531594
 74 983 : 7.52290074454
 983 74 : 7.52290074454
 75 983 : 7.69240138861
 983 75 : 7.69240138861
 76 983 : 8.12280150296
 983 76 : 8.12280150296
 77 983 : 9.52150772367
 983 77 : 9.52150772367
 78 983 : 11.2603740132
 983 78 : 11.2603740132
 79 983 : 15.319795181
 983 79 : 15.319795181
 80 983 : 18.1329960092
 983 80 : 18.1329960092
 81 983 : 8.21455761987
 983 81 : 8.21455761987
 82 983 : 7.20703644397
 983 82 : 7.20703644397
 83 983 : 15.2079052498
 983 83 : 15.2079052498
 84 983 : 14.6578513737
 983 84 : 14.6578513737
 85 983 : 11.7475640374
 983 85 : 11.7475640374
 86 983 : 21.8994291384
 983 86 : 21.8994291384
 87 983 : 9.32484332914
 983 87 : 9.32484332914
 88 983 : 5.23260935504
 983 88 : 5.23260935504
 89 983 : 9.60800104498
 983 89 : 9.60800104498
 90 983 : 14.5581769221
 983 90 : 14.5581769221
 91 983 : 20.44240728
 983 91 : 20.44240728
 92 983 : 17.627091677
 983 92 : 17.627091677
 93 983 : 26.1699415203
 983 93 : 26.1699415203
 94 983 : 9.57783412126
 983 94 : 9.57783412126
 95 983 : 7.78009211663
 983 95 : 7.78009211663
 96 983 : 9.95603116594
 983 96 : 9.95603116594
 97 983 : 8.82678973604
 983 97 : 8.82678973604
 98 983 : 15.3912629795
 983 98 : 15.3912629795
 99 983 : 7.22181089765
 983 99 : 7.22181089765
 100 983 : 15.7674611275
 983 100 : 15.7674611275
 101 983 : 10.8243827821
 983 101 : 10.8243827821
 102 983 : 17.2626165269
 983 102 : 17.2626165269
 103 983 : 9.91434403095
 983 103 : 9.91434403095
 104 983 : 2.2532007512
 983 104 : 2.2532007512
 105 983 : 3.27020461567
 983 105 : 3.27020461567
 106 983 : 4.06529232327
 983 106 : 4.06529232327
 107 983 : 6.44981189512
 983 107 : 6.44981189512
 108 983 : 4.44674361036
 983 108 : 4.44674361036
 109 983 : 4.31638078378
 983 109 : 4.31638078378
 110 983 : 6.02821851394
 983 110 : 6.02821851394
 111 983 : 8.41379064491
 983 111 : 8.41379064491
 112 983 : 5.13521383882
 983 112 : 5.13521383882
 113 983 : 5.52008352893
 983 113 : 5.52008352893
 114 983 : 3.46653103251
 983 114 : 3.46653103251
 115 983 : 2.35929677903
 983 115 : 2.35929677903
 116 983 : 4.91392535482
 983 116 : 4.91392535482
 117 983 : 5.43621677716
 983 117 : 5.43621677716
 118 983 : 6.08649552568
 983 118 : 6.08649552568
 119 983 : 7.5293126643
 983 119 : 7.5293126643
 120 983 : 4.18231951552
 983 120 : 4.18231951552
 121 983 : 4.55843075498
 983 121 : 4.55843075498
 122 983 : 3.44958386505
 983 122 : 3.44958386505
 123 983 : 7.35934850795
 983 123 : 7.35934850795
 124 983 : 5.27342740452
 983 124 : 5.27342740452
 125 983 : 5.83922138491
 983 125 : 5.83922138491
 126 983 : 3.81033160398
 983 126 : 3.81033160398
 127 983 : 6.50769299012
 983 127 : 6.50769299012
 128 983 : 11.5284772367
 983 128 : 11.5284772367
 129 983 : 10.8507353861
 983 129 : 10.8507353861
 130 983 : 12.7870772166
 983 130 : 12.7870772166
 131 983 : 9.16268162937
 983 131 : 9.16268162937
 132 983 : 7.84534112546
 983 132 : 7.84534112546
 133 983 : 8.06425410907
 983 133 : 8.06425410907
 134 983 : 8.83823269526
 983 134 : 8.83823269526
 135 983 : 8.84520469236
 983 135 : 8.84520469236
 136 983 : 7.78986450037
 983 136 : 7.78986450037
 137 983 : 7.53719237293
 983 137 : 7.53719237293
 138 983 : 8.35791810309
 983 138 : 8.35791810309
 139 983 : 7.85409957611
 983 139 : 7.85409957611
 140 983 : 6.5348953666
 983 140 : 6.5348953666
 141 983 : 7.94182893015
 983 141 : 7.94182893015
 142 983 : 6.70765025309
 983 142 : 6.70765025309
 143 983 : 7.44807248208
 983 143 : 7.44807248208
 144 983 : 7.33022448684
 983 144 : 7.33022448684
 145 983 : 7.20449678298
 983 145 : 7.20449678298
 146 983 : 6.3456085424
 983 146 : 6.3456085424
 147 983 : 8.36836644223
 983 147 : 8.36836644223
 148 983 : 8.96991846313
 983 148 : 8.96991846313
 149 983 : 6.64664045025
 983 149 : 6.64664045025
 150 983 : 7.64184958142
 983 150 : 7.64184958142
 151 983 : 1.21686456238
 983 151 : 1.21686456238
 152 983 : 5.82017875572
 983 152 : 5.82017875572
 153 983 : 9.25228434551
 983 153 : 9.25228434551
 154 983 : 6.80380973659
 983 154 : 6.80380973659
 155 983 : 7.50303731237
 983 155 : 7.50303731237
 156 983 : 6.86496438701
 983 156 : 6.86496438701
 157 983 : 8.1369965663
 983 157 : 8.1369965663
 158 983 : 6.81211433146
 983 158 : 6.81211433146
 159 983 : 7.93070463561
 983 159 : 7.93070463561
 160 983 : 7.00433673339
 983 160 : 7.00433673339
 161 983 : 8.33209660692
 983 161 : 8.33209660692
 162 983 : 7.9461840142
 983 162 : 7.9461840142
 163 983 : 7.20273929895
 983 163 : 7.20273929895
 164 983 : 6.93145908508
 983 164 : 6.93145908508
 165 983 : 7.44394915415
 983 165 : 7.44394915415
 166 983 : 8.17097780977
 983 166 : 8.17097780977
 167 983 : 10.0107738966
 983 167 : 10.0107738966
 168 983 : 7.66176129611
 983 168 : 7.66176129611
 169 983 : 10.1792992336
 983 169 : 10.1792992336
 170 983 : 8.88842721175
 983 170 : 8.88842721175
 171 983 : 7.10305519089
 983 171 : 7.10305519089
 172 983 : 10.9927632715
 983 172 : 10.9927632715
 173 983 : 4.46710918083
 983 173 : 4.46710918083
 174 983 : 0.559633129772
 983 174 : 0.559633129772
 175 983 : 17.1475496053
 983 175 : 17.1475496053
 176 983 : 20.0285487598
 983 176 : 20.0285487598
 177 983 : 6.87283443914
 983 177 : 6.87283443914
 178 983 : 4.49507442126
 983 178 : 4.49507442126
 179 983 : 3.60282295358
 983 179 : 3.60282295358
 180 983 : 6.00793985203
 983 180 : 6.00793985203
 181 983 : 3.82386036843
 983 181 : 3.82386036843
 182 983 : 9.40178636634
 983 182 : 9.40178636634
 183 983 : 7.19545829367
 983 183 : 7.19545829367
 184 983 : 7.74382228132
 983 184 : 7.74382228132
 185 983 : 6.64517266139
 983 185 : 6.64517266139
 186 983 : 10.1115878158
 983 186 : 10.1115878158
 187 983 : 5.12196511304
 983 187 : 5.12196511304
 188 983 : 6.62328136303
 983 188 : 6.62328136303
 189 983 : 5.79551604024
 983 189 : 5.79551604024
 190 983 : 7.76178338187
 983 190 : 7.76178338187
 191 983 : 7.86372711226
 983 191 : 7.86372711226
 192 983 : 6.5430551139
 983 192 : 6.5430551139
 193 983 : 3.92366035456
 983 193 : 3.92366035456
 194 983 : 5.7137447502
 983 194 : 5.7137447502
 195 983 : 4.35601108306
 983 195 : 4.35601108306
 196 983 : 5.33390609955
 983 196 : 5.33390609955
 197 983 : 4.8961863539
 983 197 : 4.8961863539
 198 983 : 5.0601055377
 983 198 : 5.0601055377
 199 983 : 17.0932607304
 983 199 : 17.0932607304
 200 983 : 6.06872755524
 983 200 : 6.06872755524
 201 983 : 14.0025415857
 983 201 : 14.0025415857
 202 983 : 17.9380118467
 983 202 : 17.9380118467
 203 983 : 4.99434473407
 983 203 : 4.99434473407
 204 983 : 6.28338201985
 983 204 : 6.28338201985
 205 983 : 7.30872910521
 983 205 : 7.30872910521
 206 983 : 5.09219410605
 983 206 : 5.09219410605
 207 983 : 7.81649714302
 983 207 : 7.81649714302
 208 983 : 6.48656455571
 983 208 : 6.48656455571
 209 983 : 6.68254333834
 983 209 : 6.68254333834
 210 983 : 7.78348155012
 983 210 : 7.78348155012
 211 983 : 9.07146627678
 983 211 : 9.07146627678
 212 983 : 5.98802813733
 983 212 : 5.98802813733
 213 983 : 7.54018588969
 983 213 : 7.54018588969
 214 983 : 9.25708362883
 983 214 : 9.25708362883
 215 983 : 2.09987475413
 983 215 : 2.09987475413
 216 983 : 4.66238303855
 983 216 : 4.66238303855
 217 983 : 8.7533520104
 983 217 : 8.7533520104
 218 983 : 11.2711313605
 983 218 : 11.2711313605
 219 983 : 11.7363721474
 983 219 : 11.7363721474
 220 983 : 8.01755524763
 983 220 : 8.01755524763
 221 983 : 7.07978301221
 983 221 : 7.07978301221
 222 983 : 5.09784316187
 983 222 : 5.09784316187
 223 983 : 3.95803751476
 983 223 : 3.95803751476
 224 983 : 7.73469688346
 983 224 : 7.73469688346
 225 983 : 4.20045443317
 983 225 : 4.20045443317
 226 983 : 4.17028750945
 983 226 : 4.17028750945
 227 983 : 5.10422611212
 983 227 : 5.10422611212
 228 983 : 6.4562527844
 983 228 : 6.4562527844
 229 983 : 4.94601392317
 983 229 : 4.94601392317
 230 983 : 0.165020025446
 983 230 : 0.165020025446
 231 983 : 10.6087143844
 983 231 : 10.6087143844
 232 983 : 4.47706503818
 983 232 : 4.47706503818
 233 983 : 10.3394620367
 983 233 : 10.3394620367
 234 983 : 8.94063028142
 983 234 : 8.94063028142
 235 983 : 9.6459897383
 983 235 : 9.6459897383
 236 983 : 7.20782827744
 983 236 : 7.20782827744
 237 983 : 7.97686273273
 983 237 : 7.97686273273
 238 983 : 5.08425645839
 983 238 : 5.08425645839
 239 983 : 13.0568799851
 983 239 : 13.0568799851
 240 983 : 12.6623441328
 983 240 : 12.6623441328
 241 983 : 11.8874385221
 983 241 : 11.8874385221
 242 983 : 26.0488392826
 983 242 : 26.0488392826
 243 983 : 10.9109630119
 983 243 : 10.9109630119
 244 983 : 18.7500660347
 983 244 : 18.7500660347
 245 983 : 10.4925852472
 983 245 : 10.4925852472
 246 983 : 20.7524776771
 983 246 : 20.7524776771
 247 983 : 6.83363868261
 983 247 : 6.83363868261
 248 983 : 11.3252367618
 983 248 : 11.3252367618
 249 983 : 6.43402350834
 983 249 : 6.43402350834
 250 983 : 7.29172399872
 983 250 : 7.29172399872
 251 983 : 5.74020357574
 983 251 : 5.74020357574
 252 983 : 2.39527691917
 983 252 : 2.39527691917
 253 983 : 3.81698493639
 983 253 : 3.81698493639
 254 983 : 22.3076772288
 983 254 : 22.3076772288
 255 983 : 10.7836999237
 983 255 : 10.7836999237
 256 983 : 28.6033712933
 983 256 : 28.6033712933
 257 983 : 6.68209913908
 983 257 : 6.68209913908
 258 983 : 16.2361299739
 983 258 : 16.2361299739
 259 983 : 4.85015379136
 983 259 : 4.85015379136
 260 983 : 6.28860618941
 983 260 : 6.28860618941
 261 983 : 4.43071381094
 983 261 : 4.43071381094
 262 983 : 7.67809044721
 983 262 : 7.67809044721
 263 983 : 6.93481954905
 983 263 : 6.93481954905
 264 983 : 10.9630502035
 983 264 : 10.9630502035
 265 983 : 3.15886510526
 983 265 : 3.15886510526
 266 983 : 4.67294725575
 983 266 : 4.67294725575
 267 983 : 8.70476047385
 983 267 : 8.70476047385
 268 983 : 3.40955764904
 983 268 : 3.40955764904
 269 983 : 6.19216666726
 983 269 : 6.19216666726
 270 983 : 3.18030254786
 983 270 : 3.18030254786
 271 983 : 10.3754228638
 983 271 : 10.3754228638
 272 983 : 7.32496169125
 983 272 : 7.32496169125
 273 983 : 6.84558378013
 983 273 : 6.84558378013
 274 983 : 9.59539930508
 983 274 : 9.59539930508
 275 983 : 8.57236012457
 983 275 : 8.57236012457
 276 983 : 4.70576971853
 983 276 : 4.70576971853
 277 983 : 5.00719754312
 983 277 : 5.00719754312
 278 983 : 10.9800263405
 983 278 : 10.9800263405
 279 983 : 6.41051957354
 983 279 : 6.41051957354
 280 983 : 13.0016158032
 983 280 : 13.0016158032
 281 983 : 24.8576223993
 983 281 : 24.8576223993
 282 983 : 29.2893404868
 983 282 : 29.2893404868
 283 983 : 14.7923375282
 983 283 : 14.7923375282
 284 983 : 13.9771160062
 983 284 : 13.9771160062
 285 983 : 22.5999603425
 983 285 : 22.5999603425
 286 983 : 8.78840512599
 983 286 : 8.78840512599
 287 983 : 5.40878264454
 983 287 : 5.40878264454
 288 983 : 6.94204261529
 983 288 : 6.94204261529
 289 983 : 23.949910866
 983 289 : 23.949910866
 290 983 : 0.477745961665
 983 290 : 0.477745961665
 291 983 : 5.96008220991
 983 291 : 5.96008220991
 292 983 : 6.43142590832
 983 292 : 6.43142590832
 293 983 : 5.1494764977
 983 293 : 5.1494764977
 294 983 : 9.89001929316
 983 294 : 9.89001929316
 295 983 : 9.73578558456
 983 295 : 9.73578558456
 296 983 : 43.2525221554
 983 296 : 43.2525221554
 297 983 : 9.95010207146
 983 297 : 9.95010207146
 298 983 : 5.9411651153
 983 298 : 5.9411651153
 299 983 : 19.07564478
 983 299 : 19.07564478
 300 983 : 9.74535518168
 983 300 : 9.74535518168
 301 983 : 0.0789226208653
 983 301 : 0.0789226208653
 302 983 : 0.0
 983 302 : 0.0
 303 983 : 0.0
 983 303 : 0.0
 304 983 : 34.323083764
 983 304 : 34.323083764
 305 983 : 65.7836509254
 983 305 : 65.7836509254
 306 983 : 175.262623074
 983 306 : 175.262623074
 307 983 : 32.553654634
 983 307 : 32.553654634
 308 983 : 0.767701857508
 983 308 : 0.767701857508
 309 983 : 12.8731553082
 983 309 : 12.8731553082
 310 983 : 7.81694134228
 983 310 : 7.81694134228
 311 983 : 21.9623026469
 983 311 : 21.9623026469
 312 983 : 19.7576065237
 983 312 : 19.7576065237
 313 983 : 20.2634142908
 983 313 : 20.2634142908
 314 983 : 22.6575517423
 983 314 : 22.6575517423
 315 983 : 21.224593896
 983 315 : 21.224593896
 316 983 : 25.4051366144
 983 316 : 25.4051366144
 317 983 : 11.6530075339
 983 317 : 11.6530075339
 318 983 : 20.1686936267
 983 318 : 20.1686936267
 319 983 : 10.6863044075
 983 319 : 10.6863044075
 320 983 : 7.49034866391
 983 320 : 7.49034866391
 321 983 : 20.0661029104
 983 321 : 20.0661029104
 322 983 : 18.8102260651
 983 322 : 18.8102260651
 323 983 : 7.3325420482
 983 323 : 7.3325420482
 324 983 : 30.6669086166
 983 324 : 30.6669086166
 325 983 : 9.58037378225
 983 325 : 9.58037378225
 326 983 : 7.46883396927
 983 326 : 7.46883396927
 327 983 : 7.90286492976
 983 327 : 7.90286492976
 328 983 : 8.46485424691
 983 328 : 8.46485424691
 329 983 : 5.98944764367
 983 329 : 5.98944764367
 330 983 : 5.78287567431
 983 330 : 5.78287567431
 331 983 : 3.36853681294
 983 331 : 3.36853681294
 332 983 : 17.3234525126
 983 332 : 17.3234525126
 333 983 : 16.4543766586
 983 333 : 16.4543766586
 334 983 : 13.7483437303
 983 334 : 13.7483437303
 335 983 : 22.6300307011
 983 335 : 22.6300307011
 336 983 : 10.9950228938
 983 336 : 10.9950228938
 337 983 : 7.14608458016
 983 337 : 7.14608458016
 338 983 : 14.6741998378
 983 338 : 14.6741998378
 339 983 : 8.97574133605
 983 339 : 8.97574133605
 340 983 : 22.3019702339
 983 340 : 22.3019702339
 341 983 : 23.9009813518
 983 341 : 23.9009813518
 342 983 : 5.66807913487
 983 342 : 5.66807913487
 343 983 : 33.600419849
 983 343 : 33.600419849
 344 983 : 14.502661671
 983 344 : 14.502661671
 345 983 : 19.9638791413
 983 345 : 19.9638791413
 346 983 : 12.6857418461
 983 346 : 12.6857418461
 347 983 : 7.83977897819
 983 347 : 7.83977897819
 348 983 : 15.0636467116
 983 348 : 15.0636467116
 349 983 : 17.8564143737
 983 349 : 17.8564143737
 350 983 : 26.6888435091
 983 350 : 26.6888435091
 351 983 : 9.34879146321
 983 351 : 9.34879146321
 352 983 : 21.0676949918
 983 352 : 21.0676949918
 353 983 : 7.29703507684
 983 353 : 7.29703507684
 354 983 : 11.0320266236
 983 354 : 11.0320266236
 355 983 : 12.3068012505
 983 355 : 12.3068012505
 356 983 : 9.2750736989
 983 356 : 9.2750736989
 357 983 : 6.72751368526
 983 357 : 6.72751368526
 358 983 : 15.7125735493
 983 358 : 15.7125735493
 359 983 : 4.32916599729
 983 359 : 4.32916599729
 360 983 : 11.3771597928
 983 360 : 11.3771597928
 361 983 : 12.0468094917
 983 361 : 12.0468094917
 362 983 : 17.5145933859
 983 362 : 17.5145933859
 363 983 : 17.9621434544
 983 363 : 17.9621434544
 364 983 : 4.83867220611
 983 364 : 4.83867220611
 365 983 : 9.79442954351
 983 365 : 9.79442954351
 366 983 : 2.28568523629
 983 366 : 2.28568523629
 367 983 : 4.93917711716
 983 367 : 4.93917711716
 368 983 : 4.16336379488
 983 368 : 4.16336379488
 369 983 : 7.01472713349
 983 369 : 7.01472713349
 370 983 : 6.14172108162
 983 370 : 6.14172108162
 371 983 : 0.16465307823
 983 371 : 0.16465307823
 372 983 : 10.8919493523
 983 372 : 10.8919493523
 373 983 : 31.2359085569
 983 373 : 31.2359085569
 374 983 : 5.14959237577
 983 374 : 5.14959237577
 375 983 : 1.43213704335
 983 375 : 1.43213704335
 376 983 : 7.20969198303
 983 376 : 7.20969198303
 377 983 : 3.81979497954
 983 377 : 3.81979497954
 378 983 : 5.89455316242
 983 378 : 5.89455316242
 379 983 : 4.64992614623
 983 379 : 4.64992614623
 380 983 : 3.92586203786
 983 380 : 3.92586203786
 381 983 : 5.22543457133
 983 381 : 5.22543457133
 382 983 : 20.7622693739
 983 382 : 20.7622693739
 383 983 : 22.5882952836
 983 383 : 22.5882952836
 384 983 : 23.2108598609
 983 384 : 23.2108598609
 385 983 : 19.1095101454
 983 385 : 19.1095101454
 386 983 : 24.7008393732
 983 386 : 24.7008393732
 387 983 : 33.8287382691
 983 387 : 33.8287382691
 388 983 : 23.1416613412
 983 388 : 23.1416613412
 389 983 : 11.0133509416
 983 389 : 11.0133509416
 390 983 : 3.56550055915
 983 390 : 3.56550055915
 391 983 : 17.3408631924
 983 391 : 17.3408631924
 392 983 : 13.0385615939
 983 392 : 13.0385615939
 393 983 : 6.23126585873
 983 393 : 6.23126585873
 394 983 : 11.2141869466
 983 394 : 11.2141869466
 395 983 : 7.41532727134
 983 395 : 7.41532727134
 396 983 : 12.3286925488
 983 396 : 12.3286925488
 397 983 : 18.3888547835
 983 397 : 18.3888547835
 398 983 : 43.3247721308
 983 398 : 43.3247721308
 399 983 : 9.34363488918
 983 399 : 9.34363488918
 400 983 : 24.1227623176
 983 400 : 24.1227623176
 401 983 : 15.2409594687
 983 401 : 15.2409594687
 402 983 : 35.9878749986
 983 402 : 35.9878749986
 403 983 : 35.3916919948
 983 403 : 35.3916919948
 404 983 : 3.99635452927
 983 404 : 3.99635452927
 405 983 : 5.25911646311
 983 405 : 5.25911646311
 406 983 : 31.5675805572
 983 406 : 31.5675805572
 407 983 : 18.2765496226
 983 407 : 18.2765496226
 408 983 : 10.1520678876
 983 408 : 10.1520678876
 409 983 : 6.84646252214
 983 409 : 6.84646252214
 410 983 : 14.2388555925
 983 410 : 14.2388555925
 411 983 : 13.3748011214
 983 411 : 13.3748011214
 412 983 : 7.56589150779
 983 412 : 7.56589150779
 413 983 : 4.97154572417
 983 413 : 4.97154572417
 414 983 : 5.52137750069
 983 414 : 5.52137750069
 415 983 : 4.17703740692
 983 415 : 4.17703740692
 416 983 : 14.4677630595
 983 416 : 14.4677630595
 417 983 : 6.02164243358
 983 417 : 6.02164243358
 418 983 : 8.93056820251
 983 418 : 8.93056820251
 419 983 : 7.76853327934
 983 419 : 7.76853327934
 420 983 : 4.64517514544
 983 420 : 4.64517514544
 421 983 : 5.86884754432
 983 421 : 5.86884754432
 422 983 : 7.48812766761
 983 422 : 7.48812766761
 423 983 : 11.115352611
 983 423 : 11.115352611
 424 983 : 16.0217362349
 983 424 : 16.0217362349
 425 983 : 22.8355404549
 983 425 : 22.8355404549
 426 983 : 21.0848932284
 983 426 : 21.0848932284
 427 983 : 30.9741400011
 983 427 : 30.9741400011
 428 983 : 32.2434490458
 983 428 : 32.2434490458
 429 983 : 25.445230426
 983 429 : 25.445230426
 430 983 : 27.5885497992
 983 430 : 27.5885497992
 431 983 : 34.7484528389
 983 431 : 34.7484528389
 432 983 : 23.380418444
 983 432 : 23.380418444
 433 983 : 35.0951889881
 983 433 : 35.0951889881
 434 983 : 10.8480508775
 983 434 : 10.8480508775
 435 983 : 27.1470447033
 983 435 : 27.1470447033
 436 983 : 11.2644104326
 983 436 : 11.2644104326
 437 983 : 14.0841004326
 983 437 : 14.0841004326
 438 983 : 26.7906423919
 983 438 : 26.7906423919
 439 983 : 3.95330582698
 983 439 : 3.95330582698
 440 983 : 6.87035271718
 983 440 : 6.87035271718
 441 983 : 12.2475585882
 983 441 : 12.2475585882
 442 983 : 30.0166395246
 983 442 : 30.0166395246
 443 983 : 31.4860120538
 983 443 : 31.4860120538
 444 983 : 11.3648574046
 983 444 : 11.3648574046
 445 983 : 0.904022748093
 983 445 : 0.904022748093
 446 983 : 17.7647644784
 983 446 : 17.7647644784
 447 983 : 11.9523785228
 983 447 : 11.9523785228
 448 983 : 8.20266080488
 983 448 : 8.20266080488
 449 983 : 25.6498517812
 983 449 : 25.6498517812
 450 983 : 1.75782201018
 983 450 : 1.75782201018
 451 983 : 15.8183219429
 983 451 : 15.8183219429
 452 983 : 10.600322881
 983 452 : 10.600322881
 453 983 : 11.7822791753
 983 453 : 11.7822791753
 454 983 : 8.38691658963
 983 454 : 8.38691658963
 455 983 : 10.8718251945
 983 455 : 10.8718251945
 456 983 : 5.71549257772
 983 456 : 5.71549257772
 457 983 : 10.4971044918
 983 457 : 10.4971044918
 458 983 : 8.12030046799
 983 458 : 8.12030046799
 459 983 : 6.5531075363
 983 459 : 6.5531075363
 460 983 : 8.25059569904
 983 460 : 8.25059569904
 461 983 : 8.72122481602
 983 461 : 8.72122481602
 462 983 : 14.7009097325
 983 462 : 14.7009097325
 463 983 : 15.9970252369
 983 463 : 15.9970252369
 464 983 : 10.5551594039
 983 464 : 10.5551594039
 465 983 : 3.20712832062
 983 465 : 3.20712832062
 466 983 : 0.394613104326
 983 466 : 0.394613104326
 467 983 : 3.51615581516
 983 467 : 3.51615581516
 468 983 : 7.96204965303
 983 468 : 7.96204965303
 469 983 : 4.64463438112
 983 469 : 4.64463438112
 470 983 : 7.65366914436
 983 470 : 7.65366914436
 471 983 : 13.7511344605
 983 471 : 13.7511344605
 472 983 : 5.31282594767
 983 472 : 5.31282594767
 473 983 : 11.3718294017
 983 473 : 11.3718294017
 474 983 : 19.2945191376
 983 474 : 19.2945191376
 475 983 : 1.4191104172
 983 475 : 1.4191104172
 476 983 : 5.72488835774
 983 476 : 5.72488835774
 477 983 : 12.4998927379
 983 477 : 12.4998927379
 478 983 : 18.5184933722
 983 478 : 18.5184933722
 479 983 : 9.20468742905
 983 479 : 9.20468742905
 480 983 : 20.5390978713
 983 480 : 20.5390978713
 481 983 : 10.486337488
 983 481 : 10.486337488
 482 983 : 8.94426112755
 983 482 : 8.94426112755
 483 983 : 4.94125326588
 983 483 : 4.94125326588
 484 983 : 6.12518914391
 983 484 : 6.12518914391
 485 983 : 13.5388168703
 983 485 : 13.5388168703
 486 983 : 21.5324432968
 983 486 : 21.5324432968
 487 983 : 9.36162495924
 983 487 : 9.36162495924
 488 983 : 34.0799619207
 983 488 : 34.0799619207
 489 983 : 4.88125739613
 983 489 : 4.88125739613
 490 983 : 1.56659422834
 983 490 : 1.56659422834
 491 983 : 1.44213152672
 983 491 : 1.44213152672
 492 983 : 1.79369592876
 983 492 : 1.79369592876
 493 983 : 26.9905513723
 983 493 : 26.9905513723
 494 983 : 0.806289254177
 983 494 : 0.806289254177
 495 983 : 12.8369434119
 983 495 : 12.8369434119
 496 983 : 4.03940323156
 983 496 : 4.03940323156
 497 983 : 14.7824396099
 983 497 : 14.7824396099
 498 983 : 6.68167425283
 983 498 : 6.68167425283
 499 983 : 10.0501048442
 983 499 : 10.0501048442
 500 983 : 8.21337952618
 983 500 : 8.21337952618
 501 983 : 21.7064921551
 983 501 : 21.7064921551
 502 983 : 13.5615289716
 983 502 : 13.5615289716
 503 983 : 125.923615049
 983 503 : 125.923615049
 504 983 : 16.1934868448
 983 504 : 16.1934868448
 505 983 : 22.9343265079
 983 505 : 22.9343265079
 506 983 : 9.84913364814
 983 506 : 9.84913364814
 507 983 : 3.93571167364
 983 507 : 3.93571167364
 508 983 : 1.73638456759
 983 508 : 1.73638456759
 509 983 : 16.4428854168
 983 509 : 16.4428854168
 510 983 : 32.04126113
 983 510 : 32.04126113
 511 983 : 7.21783241731
 983 511 : 7.21783241731
 512 983 : 22.0791849915
 983 512 : 22.0791849915
 513 983 : 19.6230334606
 983 513 : 19.6230334606
 514 983 : 30.0899130896
 983 514 : 30.0899130896
 515 983 : 48.515887481
 983 515 : 48.515887481
 516 983 : 14.6452882598
 983 516 : 14.6452882598
 517 983 : 0.0
 983 517 : 0.0
 518 983 : 2.82686478372
 983 518 : 2.82686478372
 519 983 : 8.31675241941
 983 519 : 8.31675241941
 520 983 : 8.65278916032
 983 520 : 8.65278916032
 521 983 : 28.5915131044
 983 521 : 28.5915131044
 522 983 : 18.9402991965
 983 522 : 18.9402991965
 523 983 : 6.27076096693
 983 523 : 6.27076096693
 524 983 : 174.578730029
 983 524 : 174.578730029
 525 983 : 2.13091076336
 983 525 : 2.13091076336
 526 983 : 6.18924074604
 983 526 : 6.18924074604
 527 983 : 3.22865267176
 983 527 : 3.22865267176
 528 983 : 7.57420575918
 983 528 : 7.57420575918
 529 983 : 23.9996515268
 983 529 : 23.9996515268
 530 983 : 34.316990509
 983 530 : 34.316990509
 531 983 : 26.5578626661
 983 531 : 26.5578626661
 532 983 : 4.31210295176
 983 532 : 4.31210295176
 533 983 : 4.11832585242
 983 533 : 4.11832585242
 534 983 : 9.85596079766
 983 534 : 9.85596079766
 535 983 : 19.9017491838
 983 535 : 19.9017491838
 536 983 : 12.1827827481
 983 536 : 12.1827827481
 537 983 : 5.04746517177
 983 537 : 5.04746517177
 538 983 : 18.9701281425
 983 538 : 18.9701281425
 539 983 : 7.65549422393
 983 539 : 7.65549422393
 540 983 : 5.15090566054
 983 540 : 5.15090566054
 541 983 : 13.505125322
 983 541 : 13.505125322
 542 983 : 26.0157657507
 983 542 : 26.0157657507
 543 983 : 15.181842341
 983 543 : 15.181842341
 544 983 : 9.87250239187
 983 544 : 9.87250239187
 545 983 : 0.29645472416
 983 545 : 0.29645472416
 546 983 : 0.10044697201
 983 546 : 0.10044697201
 547 983 : 6.40978567911
 983 547 : 6.40978567911
 548 983 : 7.28403742021
 983 548 : 7.28403742021
 549 983 : 5.54934274111
 983 549 : 5.54934274111
 550 983 : 22.6932904698
 983 550 : 22.6932904698
 551 983 : 9.28349417184
 983 551 : 9.28349417184
 552 983 : 11.3139096807
 983 552 : 11.3139096807
 553 983 : 11.8394360324
 983 553 : 11.8394360324
 554 983 : 17.9236815923
 983 554 : 17.9236815923
 555 983 : 15.3036591601
 983 555 : 15.3036591601
 556 983 : 18.9300053615
 983 556 : 18.9300053615
 557 983 : 11.6277364585
 983 557 : 11.6277364585
 558 983 : 14.4741266967
 983 558 : 14.4741266967
 559 983 : 6.33247569469
 983 559 : 6.33247569469
 560 983 : 7.05520720528
 983 560 : 7.05520720528
 561 983 : 9.11878315458
 983 561 : 9.11878315458
 562 983 : 9.00181390136
 983 562 : 9.00181390136
 563 983 : 14.2095867238
 983 563 : 14.2095867238
 564 983 : 12.3752948452
 983 564 : 12.3752948452
 565 983 : 12.9893810105
 983 565 : 12.9893810105
 566 983 : 24.4439763223
 983 566 : 24.4439763223
 567 983 : 8.34690968662
 983 567 : 8.34690968662
 568 983 : 10.9580964161
 983 568 : 10.9580964161
 569 983 : 10.5321865769
 983 569 : 10.5321865769
 570 983 : 4.31674773099
 983 570 : 4.31674773099
 571 983 : 22.2160563029
 983 571 : 22.2160563029
 572 983 : 10.012328594
 983 572 : 10.012328594
 573 983 : 31.872774419
 983 573 : 31.872774419
 574 983 : 17.3333214614
 983 574 : 17.3333214614
 575 983 : 9.18414804148
 983 575 : 9.18414804148
 576 983 : 9.02308718336
 983 576 : 9.02308718336
 577 983 : 7.69839807864
 983 577 : 7.69839807864
 578 983 : 12.2499244321
 983 578 : 12.2499244321
 579 983 : 7.1391705221
 983 579 : 7.1391705221
 580 983 : 4.9256386962
 983 580 : 4.9256386962
 581 983 : 15.5712312757
 983 581 : 15.5712312757
 582 983 : 2.43609496865
 983 582 : 2.43609496865
 583 983 : 26.812166743
 983 583 : 26.812166743
 584 983 : 35.9056401963
 983 584 : 35.9056401963
 585 983 : 17.2733062787
 983 585 : 17.2733062787
 586 983 : 17.0570005516
 983 586 : 17.0570005516
 587 983 : 9.34665737545
 983 587 : 9.34665737545
 588 983 : 13.5149073622
 983 588 : 13.5149073622
 589 983 : 14.3395826032
 983 589 : 14.3395826032
 590 983 : 9.39554826367
 983 590 : 9.39554826367
 591 983 : 1.64701360758
 983 591 : 1.64701360758
 592 983 : 4.07359691815
 983 592 : 4.07359691815
 593 983 : 7.87295873169
 983 593 : 7.87295873169
 594 983 : 12.153600788
 983 594 : 12.153600788
 595 983 : 5.39582361393
 983 595 : 5.39582361393
 596 983 : 5.36893024563
 983 596 : 5.36893024563
 597 983 : 5.28628021357
 983 597 : 5.28628021357
 598 983 : 9.09661181756
 983 598 : 9.09661181756
 599 983 : 10.5415147614
 983 599 : 10.5415147614
 600 983 : 22.4779407368
 983 600 : 22.4779407368
 601 983 : 8.53310642901
 983 601 : 8.53310642901
 602 983 : 6.90192949073
 983 602 : 6.90192949073
 603 983 : 4.43945294858
 983 603 : 4.43945294858
 604 983 : 10.7060809311
 983 604 : 10.7060809311
 605 983 : 11.8997795364
 983 605 : 11.8997795364
 606 983 : 1.7779365115
 983 606 : 1.7779365115
 607 983 : 8.15428171146
 983 607 : 8.15428171146
 608 983 : 0.313826777866
 983 608 : 0.313826777866
 609 983 : 62.1317825795
 983 609 : 62.1317825795
 610 983 : 8.54605580312
 983 610 : 8.54605580312
 611 983 : 18.649242459
 983 611 : 18.649242459
 612 983 : 11.4740531707
 983 612 : 11.4740531707
 613 983 : 12.6802955769
 983 613 : 12.6802955769
 614 983 : 9.70177537158
 983 614 : 9.70177537158
 615 983 : 3.65436938086
 983 615 : 3.65436938086
 616 983 : 3.0564578626
 983 616 : 3.0564578626
 617 983 : 11.7755968734
 983 617 : 11.7755968734
 618 983 : 15.2268030314
 983 618 : 15.2268030314
 619 983 : 13.8659406564
 983 619 : 13.8659406564
 620 983 : 4.24728848569
 983 620 : 4.24728848569
 621 983 : 10.3372603534
 983 621 : 10.3372603534
 622 983 : 6.18135138091
 983 622 : 6.18135138091
 623 983 : 6.84482091618
 983 623 : 6.84482091618
 624 983 : 10.6338695817
 983 624 : 10.6338695817
 625 983 : 9.96409434818
 983 625 : 9.96409434818
 626 983 : 9.50096833611
 983 626 : 9.50096833611
 627 983 : 5.65421239272
 983 627 : 5.65421239272
 628 983 : 26.6563879935
 983 628 : 26.6563879935
 629 983 : 22.8825290115
 983 629 : 22.8825290115
 630 983 : 13.5675160051
 983 630 : 13.5675160051
 631 983 : 42.6922130702
 983 631 : 42.6922130702
 632 983 : 8.88427491431
 983 632 : 8.88427491431
 633 983 : 0.731827938932
 983 633 : 0.731827938932
 634 983 : 0.760527073793
 983 634 : 0.760527073793
 635 983 : 1.41343239186
 983 635 : 1.41343239186
 636 983 : 3.78111101782
 983 636 : 3.78111101782
 637 983 : 8.83447631456
 983 637 : 8.83447631456
 638 983 : 9.72033517548
 983 638 : 9.72033517548
 639 983 : 9.04794302896
 983 639 : 9.04794302896
 640 983 : 4.36705812555
 983 640 : 4.36705812555
 641 983 : 6.72403734322
 983 641 : 6.72403734322
 642 983 : 4.92406468578
 983 642 : 4.92406468578
 643 983 : 4.99852600102
 983 643 : 4.99852600102
 644 983 : 2.75088739708
 983 644 : 2.75088739708
 645 983 : 12.6730338846
 983 645 : 12.6730338846
 646 983 : 3.92419146237
 983 646 : 3.92419146237
 647 983 : 12.7386015581
 983 647 : 12.7386015581
 648 983 : 11.6550547131
 983 648 : 11.6550547131
 649 983 : 36.5932606522
 983 649 : 36.5932606522
 650 983 : 13.6642065964
 983 650 : 13.6642065964
 651 983 : 15.0742205853
 983 651 : 15.0742205853
 652 983 : 4.55598765904
 983 652 : 4.55598765904
 653 983 : 5.9191965649
 983 653 : 5.9191965649
 654 983 : 20.1826665904
 983 654 : 20.1826665904
 655 983 : 34.6326809924
 983 655 : 34.6326809924
 656 983 : 26.008590967
 983 656 : 26.008590967
 657 983 : 20.6275031807
 983 657 : 20.6275031807
 658 983 : 14.6879893279
 983 658 : 14.6879893279
 659 983 : 2.97770905884
 983 659 : 2.97770905884
 660 983 : 4.59646773082
 983 660 : 4.59646773082
 661 983 : 8.43455213211
 983 661 : 8.43455213211
 662 983 : 8.60683384982
 983 662 : 8.60683384982
 663 983 : 5.06877707979
 983 663 : 5.06877707979
 664 983 : 10.6717617099
 983 664 : 10.6717617099
 665 983 : 10.2336653605
 983 665 : 10.2336653605
 666 983 : 6.55206463369
 983 666 : 6.55206463369
 667 983 : 15.9880157171
 983 667 : 15.9880157171
 668 983 : 12.4867888597
 983 668 : 12.4867888597
 669 983 : 16.2870970108
 983 669 : 16.2870970108
 670 983 : 15.332512799
 983 670 : 15.332512799
 671 983 : 16.1217390077
 983 671 : 16.1217390077
 672 983 : 3.62326577609
 983 672 : 3.62326577609
 673 983 : 0.236767862596
 983 673 : 0.236767862596
 674 983 : 14.3423926463
 983 674 : 14.3423926463
 675 983 : 3.04928307889
 983 675 : 3.04928307889
 676 983 : 14.2943032481
 983 676 : 14.2943032481
 677 983 : 12.9940837287
 983 677 : 12.9940837287
 678 983 : 5.74366060477
 983 678 : 5.74366060477
 679 983 : 13.6178360562
 983 679 : 13.6178360562
 680 983 : 16.7889649236
 983 680 : 16.7889649236
 681 983 : 11.936648075
 983 681 : 11.936648075
 682 983 : 15.4785095083
 983 682 : 15.4785095083
 683 983 : 9.12725191006
 983 683 : 9.12725191006
 684 983 : 7.40810420509
 983 684 : 7.40810420509
 685 983 : 6.35486913134
 983 685 : 6.35486913134
 686 983 : 5.79693554657
 983 686 : 5.79693554657
 687 983 : 9.18166631952
 983 687 : 9.18166631952
 688 983 : 11.5789807614
 983 688 : 11.5789807614
 689 983 : 12.8054728599
 983 689 : 12.8054728599
 690 983 : 9.3341425441
 983 690 : 9.3341425441
 691 983 : 22.4177613934
 983 691 : 22.4177613934
 692 983 : 11.9817343
 983 692 : 11.9817343
 693 983 : 8.47762980392
 983 693 : 8.47762980392
 694 983 : 10.8985061196
 983 694 : 10.8985061196
 695 983 : 12.6007452832
 983 695 : 12.6007452832
 696 983 : 12.7898582903
 983 696 : 12.7898582903
 697 983 : 10.2771775751
 983 697 : 10.2771775751
 698 983 : 7.4329600507
 983 698 : 7.4329600507
 699 983 : 11.562989588
 983 699 : 11.562989588
 700 983 : 23.4251763478
 983 700 : 23.4251763478
 701 983 : 8.19394098026
 983 701 : 8.19394098026
 702 983 : 5.24282593804
 983 702 : 5.24282593804
 703 983 : 3.74523709924
 983 703 : 3.74523709924
 704 983 : 4.89320249365
 983 704 : 4.89320249365
 705 983 : 3.42237183207
 983 705 : 3.42237183207
 706 983 : 2.89143783715
 983 706 : 2.89143783715
 707 983 : 14.5432865904
 983 707 : 14.5432865904
 708 983 : 17.8367151022
 983 708 : 17.8367151022
 709 983 : 31.0103325844
 983 709 : 31.0103325844
 710 983 : 0.771574116282
 983 710 : 0.771574116282
 711 983 : 23.0884153689
 983 711 : 23.0884153689
 712 983 : 23.5852232728
 983 712 : 23.5852232728
 713 983 : 16.89774546
 983 713 : 16.89774546
 714 983 : 24.1447405245
 983 714 : 24.1447405245
 715 983 : 18.4175346054
 983 715 : 18.4175346054
 716 983 : 9.70014342212
 983 716 : 9.70014342212
 717 983 : 3.58602063371
 983 717 : 3.58602063371
 718 983 : 16.6521901773
 983 718 : 16.6521901773
 719 983 : 16.0223059687
 983 719 : 16.0223059687
 720 983 : 33.2452632268
 983 720 : 33.2452632268
 721 983 : 27.0076627004
 983 721 : 27.0076627004
 722 983 : 30.1783763381
 983 722 : 30.1783763381
 723 983 : 19.9876631148
 983 723 : 19.9876631148
 724 983 : 10.2266740504
 983 724 : 10.2266740504
 725 983 : 13.8604750742
 983 725 : 13.8604750742
 726 983 : 9.9801241476
 983 726 : 9.9801241476
 727 983 : 9.53528755727
 983 727 : 9.53528755727
 728 983 : 7.94248557253
 983 728 : 7.94248557253
 729 983 : 12.7946286041
 983 729 : 12.7946286041
 730 983 : 13.2644079485
 983 730 : 13.2644079485
 731 983 : 7.05340143871
 983 731 : 7.05340143871
 732 983 : 10.5945482906
 983 732 : 10.5945482906
 733 983 : 6.64014162193
 983 733 : 6.64014162193
 734 983 : 7.51645985525
 983 734 : 7.51645985525
 735 983 : 12.5167240273
 983 735 : 12.5167240273
 736 983 : 15.3302242072
 983 736 : 15.3302242072
 737 983 : 11.0407850742
 983 737 : 11.0407850742
 738 983 : 25.7486281777
 983 738 : 25.7486281777
 739 983 : 9.44549171101
 983 739 : 9.44549171101
 740 983 : 12.5335166907
 983 740 : 12.5335166907
 741 983 : 7.0715942954
 983 741 : 7.0715942954
 742 983 : 4.44069863781
 983 742 : 4.44069863781
 743 983 : 4.60989993021
 983 743 : 4.60989993021
 744 983 : 14.8367671108
 983 744 : 14.8367671108
 745 983 : 11.5774550335
 983 745 : 11.5774550335
 746 983 : 6.05126859298
 983 746 : 6.05126859298
 747 983 : 15.339310979
 983 747 : 15.339310979
 748 983 : 8.06064257595
 983 748 : 8.06064257595
 749 983 : 12.9919399845
 983 749 : 12.9919399845
 750 983 : 6.06313643846
 983 750 : 6.06313643846
 751 983 : 42.365890774
 983 751 : 42.365890774
 752 983 : 9.31106349554
 983 752 : 9.31106349554
 753 983 : 12.6604031752
 983 753 : 12.6604031752
 754 983 : 10.7358036555
 983 754 : 10.7358036555
 755 983 : 14.319641919
 983 755 : 14.319641919
 756 983 : 14.2878140763
 983 756 : 14.2878140763
 757 983 : 5.89767221375
 983 757 : 5.89767221375
 758 983 : 6.1129157252
 983 758 : 6.1129157252
 759 983 : 6.37838272266
 983 759 : 6.37838272266
 760 983 : 16.7581220445
 983 760 : 16.7581220445
 761 983 : 23.388191931
 983 761 : 23.388191931
 762 983 : 9.71177951145
 983 762 : 9.71177951145
 763 983 : 0.939896666668
 983 763 : 0.939896666668
 764 983 : 7.76712342951
 983 764 : 7.76712342951
 765 983 : 14.6518933097
 983 765 : 14.6518933097
 766 983 : 18.8529657592
 983 766 : 18.8529657592
 767 983 : 20.2250972763
 983 767 : 20.2250972763
 768 983 : 17.7886932995
 983 768 : 17.7886932995
 769 983 : 5.93777568181
 983 769 : 5.93777568181
 770 983 : 5.14620294228
 983 770 : 5.14620294228
 771 983 : 23.2517165364
 983 771 : 23.2517165364
 772 983 : 20.2622555101
 983 772 : 20.2622555101
 773 983 : 17.2245988641
 983 773 : 17.2245988641
 774 983 : 27.144862333
 983 774 : 27.144862333
 775 983 : 27.6729862848
 983 775 : 27.6729862848
 776 983 : 11.2928391853
 983 776 : 11.2928391853
 777 983 : 3.88155798983
 983 777 : 3.88155798983
 778 983 : 10.3133605019
 983 778 : 10.3133605019
 779 983 : 5.62805291885
 983 779 : 5.62805291885
 780 983 : 3.74523709924
 983 780 : 3.74523709924
 781 983 : 8.35898997522
 983 781 : 8.35898997522
 782 983 : 10.1738433079
 983 782 : 10.1738433079
 783 983 : 11.5307078895
 983 783 : 11.5307078895
 784 983 : 8.50065091344
 983 784 : 8.50065091344
 785 983 : 9.30702707617
 983 785 : 9.30702707617
 786 983 : 7.51645985525
 983 786 : 7.51645985525
 787 983 : 8.45398102152
 983 787 : 8.45398102152
 788 983 : 13.4665475818
 983 788 : 13.4665475818
 789 983 : 10.8290758438
 983 789 : 10.8290758438
 790 983 : 5.32483864072
 983 790 : 5.32483864072
 791 983 : 7.71738276879
 983 791 : 7.71738276879
 792 983 : 10.6231798299
 983 792 : 10.6231798299
 793 983 : 9.06971844926
 983 793 : 9.06971844926
 794 983 : 7.92624332999
 983 794 : 7.92624332999
 795 983 : 14.4668456914
 983 795 : 14.4668456914
 796 983 : 11.500029171
 983 796 : 11.500029171
 797 983 : 13.6311523775
 983 797 : 13.6311523775
 798 983 : 10.9031122728
 983 798 : 10.9031122728
 799 983 : 10.8691020599
 983 799 : 10.8691020599
 800 983 : 15.4978708022
 983 800 : 15.4978708022
 801 983 : 11.4785627589
 983 801 : 11.4785627589
 802 983 : 4.85271276536
 983 802 : 4.85271276536
 803 983 : 19.3921367534
 983 803 : 19.3921367534
 804 983 : 12.2165129224
 983 804 : 12.2165129224
 805 983 : 4.54317347601
