c 2014 Trip Generation
c Trip Generation is based on Land Use Vision 2.0 using the PSRC 3700 Zone System
t matrices
a matrix=mf25 airport 0 SeaTac Airport Trips
 1 983 : 10.0881329426
 983 1 : 10.0881329426
 2 983 : 20.5311426413
 983 2 : 20.5311426413
 3 983 : 25.2083199846
 983 3 : 25.2083199846
 4 983 : 27.407250347
 983 4 : 27.407250347
 5 983 : 9.02964404816
 983 5 : 9.02964404816
 6 983 : 10.2173045669
 983 6 : 10.2173045669
 7 983 : 6.23184286507
 983 7 : 6.23184286507
 8 983 : 11.9702804459
 983 8 : 11.9702804459
 9 983 : 7.49247564706
 983 9 : 7.49247564706
 10 983 : 6.3477757739
 983 10 : 6.3477757739
 11 983 : 14.6030853261
 983 11 : 14.6030853261
 12 983 : 9.98234875005
 983 12 : 9.98234875005
 13 983 : 16.2328764543
 983 13 : 16.2328764543
 14 983 : 12.674694053
 983 14 : 12.674694053
 15 983 : 14.6314457253
 983 15 : 14.6314457253
 16 983 : 17.9194173497
 983 16 : 17.9194173497
 17 983 : 32.024945205
 983 17 : 32.024945205
 18 983 : 9.05579316669
 983 18 : 9.05579316669
 19 983 : 15.7785886291
 983 19 : 15.7785886291
 20 983 : 30.7703379215
 983 20 : 30.7703379215
 21 983 : 15.0589567758
 983 21 : 15.0589567758
 22 983 : 12.6626913372
 983 22 : 12.6626913372
 23 983 : 25.4284631176
 983 23 : 25.4284631176
 24 983 : 18.0682490941
 983 24 : 18.0682490941
 25 983 : 16.3458642076
 983 25 : 16.3458642076
 26 983 : 14.9897214804
 983 26 : 14.9897214804
 27 983 : 17.2077808694
 983 27 : 17.2077808694
 28 983 : 3.83254536469
 983 28 : 3.83254536469
 29 983 : 16.318778433
 983 29 : 16.318778433
 30 983 : 17.3452568667
 983 30 : 17.3452568667
 31 983 : 22.453942947
 983 31 : 22.453942947
 32 983 : 5.38442988714
 983 32 : 5.38442988714
 33 983 : 4.03170547168
 983 33 : 4.03170547168
 34 983 : 7.21257965378
 983 34 : 7.21257965378
 35 983 : 12.3378841363
 983 35 : 12.3378841363
 36 983 : 11.5822827606
 983 36 : 11.5822827606
 37 983 : 10.5337784262
 983 37 : 10.5337784262
 38 983 : 24.4457854231
 983 38 : 24.4457854231
 39 983 : 14.4538287067
 983 39 : 14.4538287067
 40 983 : 15.0857625192
 983 40 : 15.0857625192
 41 983 : 9.9322038562
 983 41 : 9.9322038562
 42 983 : 13.9398266463
 983 42 : 13.9398266463
 43 983 : 12.4239213025
 983 43 : 12.4239213025
 44 983 : 7.13817826593
 983 44 : 7.13817826593
 45 983 : 13.7411879767
 983 45 : 13.7411879767
 46 983 : 6.64900241816
 983 46 : 6.64900241816
 47 983 : 17.1238197964
 983 47 : 17.1238197964
 48 983 : 14.4925116347
 983 48 : 14.4925116347
 49 983 : 10.4068567076
 983 49 : 10.4068567076
 50 983 : 5.35068130174
 983 50 : 5.35068130174
 51 983 : 5.2796692568
 983 51 : 5.2796692568
 52 983 : 6.92493934992
 983 52 : 6.92493934992
 53 983 : 4.10122079824
 983 53 : 4.10122079824
 54 983 : 6.42328763023
 983 54 : 6.42328763023
 55 983 : 8.59860846726
 983 55 : 8.59860846726
 56 983 : 6.80396587983
 983 56 : 6.80396587983
 57 983 : 9.93365229334
 983 57 : 9.93365229334
 58 983 : 11.3257259178
 983 58 : 11.3257259178
 59 983 : 8.74486199359
 983 59 : 8.74486199359
 60 983 : 7.46668380969
 983 60 : 7.46668380969
 61 983 : 11.3212261064
 983 61 : 11.3212261064
 62 983 : 9.36030293513
 983 62 : 9.36030293513
 63 983 : 6.82930387357
 983 63 : 6.82930387357
 64 983 : 7.79567216583
 983 64 : 7.79567216583
 65 983 : 10.1262944332
 983 65 : 10.1262944332
 66 983 : 10.8995957107
 983 66 : 10.8995957107
 67 983 : 24.6465098423
 983 67 : 24.6465098423
 68 983 : 8.83952218893
 983 68 : 8.83952218893
 69 983 : 28.4173517847
 983 69 : 28.4173517847
 70 983 : 24.8955637807
 983 70 : 24.8955637807
 71 983 : 19.5273853582
 983 71 : 19.5273853582
 72 983 : 7.13154442382
 983 72 : 7.13154442382
 73 983 : 15.6283374163
 983 73 : 15.6283374163
 74 983 : 7.53704888604
 983 74 : 7.53704888604
 75 983 : 6.83841937131
 983 75 : 6.83841937131
 76 983 : 11.86772144
 983 76 : 11.86772144
 77 983 : 9.77236398948
 983 77 : 9.77236398948
 78 983 : 9.82515469517
 983 78 : 9.82515469517
 79 983 : 15.30503659
 983 79 : 15.30503659
 80 983 : 18.110987646
 983 80 : 18.110987646
 81 983 : 7.69776747129
 983 81 : 7.69776747129
 82 983 : 7.72341446495
 983 82 : 7.72341446495
 83 983 : 14.5259125951
 983 83 : 14.5259125951
 84 983 : 14.470920265
 983 84 : 14.470920265
 85 983 : 11.9194403022
 983 85 : 11.9194403022
 86 983 : 21.6262094017
 983 86 : 21.6262094017
 87 983 : 10.3864337439
 983 87 : 10.3864337439
 88 983 : 5.41900890984
 983 88 : 5.41900890984
 89 983 : 9.80863285551
 983 89 : 9.80863285551
 90 983 : 13.6753130555
 983 90 : 13.6753130555
 91 983 : 20.8436381265
 983 91 : 20.8436381265
 92 983 : 17.7198903053
 983 92 : 17.7198903053
 93 983 : 26.0185757217
 983 93 : 26.0185757217
 94 983 : 10.065450417
 983 94 : 10.065450417
 95 983 : 8.02382032816
 983 95 : 8.02382032816
 96 983 : 9.84097162876
 983 96 : 9.84097162876
 97 983 : 8.67588741689
 983 97 : 8.67588741689
 98 983 : 15.541518094
 983 98 : 15.541518094
 99 983 : 6.89158667066
 983 99 : 6.89158667066
 100 983 : 15.8746586366
 983 100 : 15.8746586366
 101 983 : 10.8169189187
 983 101 : 10.8169189187
 102 983 : 16.8388542731
 983 102 : 16.8388542731
 103 983 : 10.0862692868
 983 103 : 10.0862692868
 104 983 : 2.18139461678
 983 104 : 2.18139461678
 105 983 : 7.06547637766
 983 105 : 7.06547637766
 106 983 : 4.12258041796
 983 106 : 4.12258041796
 107 983 : 6.60748055343
 983 107 : 6.60748055343
 108 983 : 4.4824977352
 983 108 : 4.4824977352
 109 983 : 4.41670972022
 983 109 : 4.41670972022
 110 983 : 5.58323271298
 983 110 : 5.58323271298
 111 983 : 8.84404131281
 983 111 : 8.84404131281
 112 983 : 5.08485446123
 983 112 : 5.08485446123
 113 983 : 5.49841223396
 983 113 : 5.49841223396
 114 983 : 3.80364421558
 983 114 : 3.80364421558
 115 983 : 2.45967801671
 983 115 : 2.45967801671
 116 983 : 4.99988913849
 983 116 : 4.99988913849
 117 983 : 5.47194445925
 983 117 : 5.47194445925
 118 983 : 6.10068205376
 983 118 : 6.10068205376
 119 983 : 7.58650818631
 983 119 : 7.58650818631
 120 983 : 4.36157254635
 983 120 : 4.36157254635
 121 983 : 4.85964179818
 983 121 : 4.85964179818
 122 983 : 3.46384086212
 983 122 : 3.46384086212
 123 983 : 7.45959612394
 983 123 : 7.45959612394
 124 983 : 5.33068321294
 983 124 : 5.33068321294
 125 983 : 5.89646207302
 983 125 : 5.89646207302
 126 983 : 3.76000763262
 983 126 : 3.76000763262
 127 983 : 6.59361418185
 983 127 : 6.59361418185
 128 983 : 11.6860101725
 983 128 : 11.6860101725
 129 983 : 10.7213027548
 983 129 : 10.7213027548
 130 983 : 12.1123238483
 983 130 : 12.1123238483
 131 983 : 9.16961135729
 983 131 : 9.16961135729
 132 983 : 8.03167085746
 983 132 : 8.03167085746
 133 983 : 8.16448288712
 983 133 : 8.16448288712
 134 983 : 9.05323426107
 983 134 : 9.05323426107
 135 983 : 8.68712728911
 983 135 : 8.68712728911
 136 983 : 7.86140224332
 983 136 : 7.86140224332
 137 983 : 7.52981635658
 983 137 : 7.52981635658
 138 983 : 8.39356770546
 983 138 : 8.39356770546
 139 983 : 7.94715937836
 983 139 : 7.94715937836
 140 983 : 6.66386338323
 983 140 : 6.66386338323
 141 983 : 7.25285586257
 983 141 : 7.25285586257
 142 983 : 6.5137570141
 983 142 : 6.5137570141
 143 983 : 7.73485711837
 983 143 : 7.73485711837
 144 983 : 7.45917124905
 983 144 : 7.45917124905
 145 983 : 7.34062149711
 983 145 : 7.34062149711
 146 983 : 6.044106099
 983 146 : 6.044106099
 147 983 : 7.87309595918
 983 147 : 7.87309595918
 148 983 : 8.23069577699
 983 148 : 8.23069577699
 149 983 : 6.61776445713
 983 149 : 6.61776445713
 150 983 : 7.73491505585
 983 150 : 7.73491505585
 151 983 : 1.22400663479
 983 151 : 1.22400663479
 152 983 : 5.66218219345
 983 152 : 5.66218219345
 153 983 : 9.55336994989
 983 153 : 9.55336994989
 154 983 : 6.91842138278
 983 154 : 6.91842138278
 155 983 : 6.37642586057
 983 155 : 6.37642586057
 156 983 : 6.84325715137
 983 156 : 6.84325715137
 157 983 : 8.33766768804
 983 157 : 8.33766768804
 158 983 : 6.95542412363
 983 158 : 6.95542412363
 159 983 : 7.82287381535
 983 159 : 7.82287381535
 160 983 : 7.09024465278
 983 160 : 7.09024465278
 161 983 : 8.42514363516
 983 161 : 8.42514363516
 162 983 : 7.93879706793
 983 162 : 7.93879706793
 163 983 : 7.50387967549
 983 163 : 7.50387967549
 164 983 : 7.04606731996
 983 164 : 7.04606731996
 165 983 : 7.52984532532
 983 165 : 7.52984532532
 166 983 : 8.24250536782
 983 166 : 8.24250536782
 167 983 : 9.78809401684
 983 167 : 9.78809401684
 168 983 : 8.27857145265
 983 168 : 8.27857145265
 169 983 : 10.4803600644
 983 169 : 10.4803600644
 170 983 : 9.19669713184
 983 170 : 9.19669713184
 171 983 : 7.36832527151
 983 171 : 7.36832527151
 172 983 : 10.8274538848
 983 172 : 10.8274538848
 173 983 : 4.56743408919
 983 173 : 4.56743408919
 174 983 : 0.31568204693
 983 174 : 0.31568204693
 175 983 : 16.9533773698
 983 175 : 16.9533773698
 176 983 : 19.5616650373
 983 176 : 19.5616650373
 177 983 : 7.24572955183
 983 177 : 7.24572955183
 178 983 : 4.43038296684
 983 178 : 4.43038296684
 179 983 : 2.91396584186
 983 179 : 2.91396584186
 180 983 : 5.84993827202
 983 180 : 5.84993827202
 181 983 : 4.64166166459
 983 181 : 4.64166166459
 182 983 : 9.34413837663
 983 182 : 9.34413837663
 183 983 : 7.23831355367
 983 183 : 7.23831355367
 184 983 : 7.74361533495
 983 184 : 7.74361533495
 185 983 : 6.66651885132
 983 185 : 6.66651885132
 186 983 : 10.749856279
 983 186 : 10.749856279
 187 983 : 5.15052660124
 983 187 : 5.15052660124
 188 983 : 6.86704048923
 983 188 : 6.86704048923
 189 983 : 5.83840871237
 983 189 : 5.83840871237
 190 983 : 8.15617851417
 983 190 : 8.15617851417
 191 983 : 7.44739062696
 983 191 : 7.44739062696
 192 983 : 6.49983270505
 983 192 : 6.49983270505
 193 983 : 3.9307300904
 983 193 : 3.9307300904
 194 983 : 5.79251256747
 983 194 : 5.79251256747
 195 983 : 4.42046600054
 983 195 : 4.42046600054
 196 983 : 5.39116029173
 983 196 : 5.39116029173
 197 983 : 4.86735714002
 983 197 : 4.86735714002
 198 983 : 5.16041459879
 983 198 : 5.16041459879
 199 983 : 14.2373163228
 983 199 : 14.2373163228
 200 983 : 5.5089472001
 983 200 : 5.5089472001
 201 983 : 14.3178494278
 983 201 : 14.3178494278
 202 983 : 18.1025480856
 983 202 : 18.1025480856
 203 983 : 5.10900473651
 983 203 : 5.10900473651
 204 983 : 6.49127726966
 983 204 : 6.49127726966
 205 983 : 7.35875593013
 983 205 : 7.35875593013
 206 983 : 5.14228016578
 983 206 : 5.14228016578
 207 983 : 7.65844723101
 983 207 : 7.65844723101
 208 983 : 6.57966090406
 983 208 : 6.57966090406
 209 983 : 6.75411067341
 983 209 : 6.75411067341
 210 983 : 7.87654323958
 983 210 : 7.87654323958
 211 983 : 8.88468445901
 983 211 : 8.88468445901
 212 983 : 6.31789934379
 983 212 : 6.31789934379
 213 983 : 7.67630163285
 983 213 : 7.67630163285
 214 983 : 9.07747144258
 983 214 : 9.07747144258
 215 983 : 2.30070721227
 983 215 : 2.30070721227
 216 983 : 4.64790925679
 983 216 : 4.64790925679
 217 983 : 8.84638778098
 983 217 : 8.84638778098
 218 983 : 11.2995285181
 983 218 : 11.2995285181
 219 983 : 11.7288839119
 983 219 : 11.7288839119
 220 983 : 8.1967057854
 983 220 : 8.1967057854
 221 983 : 6.85000686845
 983 221 : 6.85000686845
 222 983 : 5.08335774285
 983 222 : 5.08335774285
 223 983 : 4.08707439549
 983 223 : 4.08707439549
 224 983 : 8.05017222789
 983 224 : 8.05017222789
 225 983 : 4.39405616332
 983 225 : 4.39405616332
 226 983 : 4.49303270134
 983 226 : 4.49303270134
 227 983 : 5.05386756264
 983 227 : 5.05386756264
 228 983 : 6.51347698292
 983 228 : 6.51347698292
 229 983 : 5.01762766536
 983 229 : 5.01762766536
 230 983 : 0.0573967358054
 983 230 : 0.0573967358054
 231 983 : 10.9312875154
 983 231 : 10.9312875154
 232 983 : 3.80253374711
 983 232 : 3.80253374711
 233 983 : 10.418106236
 983 233 : 10.418106236
 234 983 : 9.16280370273
 983 234 : 9.16280370273
 235 983 : 9.39462123915
 983 235 : 9.39462123915
 236 983 : 7.56636525379
 983 236 : 7.56636525379
 237 983 : 8.10579221413
 983 237 : 8.10579221413
 238 983 : 5.15586650617
 983 238 : 5.15586650617
 239 983 : 13.1139277881
 983 239 : 13.1139277881
 240 983 : 12.4395933924
 983 240 : 12.4395933924
 241 983 : 11.6647084902
 983 241 : 11.6647084902
 242 983 : 26.8086499013
 983 242 : 26.8086499013
 243 983 : 10.7384812193
 983 243 : 10.7384812193
 244 983 : 18.6706444451
 983 244 : 18.6706444451
 245 983 : 9.43046523028
 983 245 : 9.43046523028
 246 983 : 20.4864631836
 983 246 : 20.4864631836
 247 983 : 6.89802738782
 983 247 : 6.89802738782
 248 983 : 11.5832194166
 983 248 : 11.5832194166
 249 983 : 6.64908932439
 983 249 : 6.64908932439
 250 983 : 7.28435454228
 983 250 : 7.28435454228
 251 983 : 5.95528793347
 983 251 : 5.95528793347
 252 983 : 4.25343222935
 983 252 : 4.25343222935
 253 983 : 3.06355077361
 983 253 : 3.06355077361
 254 983 : 22.321430261
 983 254 : 22.321430261
 255 983 : 9.67852457519
 983 255 : 9.67852457519
 256 983 : 28.8393684303
 983 256 : 28.8393684303
 257 983 : 6.5527779107
 983 257 : 6.5527779107
 258 983 : 15.7406492322
 983 258 : 15.7406492322
 259 983 : 8.21490781215
 983 259 : 8.21490781215
 260 983 : 6.43192997184
 983 260 : 6.43192997184
 261 983 : 4.43776999626
 983 261 : 4.43776999626
 262 983 : 7.89312301673
 983 262 : 7.89312301673
 263 983 : 7.17857034969
 983 263 : 7.17857034969
 264 983 : 11.2353917214
 983 264 : 11.2353917214
 265 983 : 3.21617742337
 983 265 : 3.21617742337
 266 983 : 4.64412400773
 983 266 : 4.64412400773
 267 983 : 9.15652714178
 983 267 : 9.15652714178
 268 983 : 3.39511734786
 983 268 : 3.39511734786
 269 983 : 6.2278741473
 983 269 : 6.2278741473
 270 983 : 3.29501102887
 983 270 : 3.29501102887
 271 983 : 10.6119071256
 983 271 : 10.6119071256
 272 983 : 6.83689368419
 983 272 : 6.83689368419
 273 983 : 6.75213114265
 983 273 : 6.75213114265
 274 983 : 9.39425430174
 983 274 : 9.39425430174
 275 983 : 8.59365481223
 983 275 : 8.59365481223
 276 983 : 4.78456447299
 983 276 : 4.78456447299
 277 983 : 5.10750801813
 983 277 : 5.10750801813
 278 983 : 10.9510345417
 983 278 : 10.9510345417
 279 983 : 6.91256969672
 983 279 : 6.91256969672
 280 983 : 13.6685054009
 983 280 : 13.6685054009
 281 983 : 24.7995613669
 983 281 : 24.7995613669
 282 983 : 28.0760517129
 983 282 : 28.0760517129
 283 983 : 14.763243849
 983 283 : 14.763243849
 284 983 : 14.0771867686
 983 284 : 14.0771867686
 285 983 : 20.0667254124
 983 285 : 20.0667254124
 286 983 : 8.78099567215
 983 286 : 8.78099567215
 287 983 : 6.00412923389
 983 287 : 6.00412923389
 288 983 : 5.97328717902
 983 288 : 5.97328717902
 289 983 : 31.2530054584
 983 289 : 31.2530054584
 290 983 : 0.405987274597
 983 290 : 0.405987274597
 291 983 : 6.06754181196
 983 291 : 6.06754181196
 292 983 : 6.59626964995
 983 292 : 6.59626964995
 293 983 : 4.91975193956
 983 293 : 4.91975193956
 294 983 : 9.86823121577
 983 294 : 9.86823121577
 295 983 : 9.26917692642
 983 295 : 9.26917692642
 296 983 : 52.3989710414
 983 296 : 52.3989710414
 297 983 : 10.3731370909
 983 297 : 10.3731370909
 298 983 : 6.03427603893
 983 298 : 6.03427603893
 299 983 : 19.8356417508
 983 299 : 19.8356417508
 300 983 : 9.55138076288
 983 300 : 9.55138076288
 301 983 : 0.107618879635
 983 301 : 0.107618879635
 302 983 : 0.0
 983 302 : 0.0
 303 983 : 0.0
 983 303 : 0.0
 304 983 : 35.168768365
 983 304 : 35.168768365
 305 983 : 257.938989804
 983 305 : 257.938989804
 306 983 : 1.58976598184
 983 306 : 1.58976598184
 307 983 : 33.198497946
 983 307 : 33.198497946
 308 983 : 0.875300221032
 983 308 : 0.875300221032
 309 983 : 12.7651924056
 983 309 : 12.7651924056
 310 983 : 7.75933570606
 983 310 : 7.75933570606
 311 983 : 21.4092721428
 983 311 : 21.4092721428
 312 983 : 20.094284343
 983 312 : 20.094284343
 313 983 : 20.9803319677
 983 313 : 20.9803319677
 314 983 : 23.2954849264
 983 314 : 23.2954849264
 315 983 : 19.1792679756
 983 315 : 19.1792679756
 316 983 : 25.138997783
 983 316 : 25.138997783
 317 983 : 10.1388572113
 983 317 : 10.1388572113
 318 983 : 22.9734200998
 983 318 : 22.9734200998
 319 983 : 10.6501458661
 983 319 : 10.6501458661
 320 983 : 7.52602145126
 983 320 : 7.52602145126
 321 983 : 21.6583260812
 983 321 : 21.6583260812
 322 983 : 18.4940413325
 983 322 : 18.4940413325
 323 983 : 7.46148874847
 983 323 : 7.46148874847
 324 983 : 34.0524964848
 983 324 : 34.0524964848
 325 983 : 8.99897580574
 983 325 : 8.99897580574
 326 983 : 7.56190406739
 983 326 : 7.56190406739
 327 983 : 6.9053854485
 983 327 : 6.9053854485
 328 983 : 8.21351731249
 983 328 : 8.21351731249
 329 983 : 6.1399540128
 983 329 : 6.1399540128
 330 983 : 9.49915977579
 983 330 : 9.49915977579
 331 983 : 2.95232045737
 983 331 : 2.95232045737
 332 983 : 16.9714345528
 983 332 : 16.9714345528
 333 983 : 16.1956516197
 983 333 : 16.1956516197
 334 983 : 13.2744532484
 983 334 : 13.2744532484
 335 983 : 22.6437751188
 983 335 : 22.6437751188
 336 983 : 14.9192308729
 983 336 : 14.9192308729
 337 983 : 8.16468566832
 983 337 : 8.16468566832
 338 983 : 14.250506757
 983 338 : 14.250506757
 339 983 : 9.11181871534
 983 339 : 9.11181871534
 340 983 : 24.2672124361
 983 340 : 24.2672124361
 341 983 : 16.9051154443
 983 341 : 16.9051154443
 342 983 : 4.57738968048
 983 342 : 4.57738968048
 343 983 : 33.118824247
 983 343 : 33.118824247
 344 983 : 14.6242421646
 983 344 : 14.6242421646
 345 983 : 20.3364244082
 983 345 : 20.3364244082
 346 983 : 13.2521955976
 983 346 : 13.2521955976
 347 983 : 7.8897916113
 983 347 : 7.8897916113
 348 983 : 13.9583569855
 983 348 : 13.9583569855
 349 983 : 17.4756838031
 983 349 : 17.4756838031
 350 983 : 26.0711153649
 983 350 : 26.0711153649
 351 983 : 9.92968357557
 983 351 : 9.92968357557
 352 983 : 21.1532270812
 983 352 : 21.1532270812
 353 983 : 7.32553843834
 983 353 : 7.32553843834
 354 983 : 10.8308432277
 983 354 : 10.8308432277
 355 983 : 12.4284404264
 983 355 : 12.4284404264
 356 983 : 9.2676512393
 983 356 : 9.2676512393
 357 983 : 6.88517492225
 983 357 : 6.88517492225
 358 983 : 15.7193282375
 983 358 : 15.7193282375
 359 983 : 3.57571814695
 983 359 : 3.57571814695
 360 983 : 11.4414270767
 983 360 : 11.4414270767
 361 983 : 11.9029957126
 983 361 : 11.9029957126
 362 983 : 18.5974887132
 983 362 : 18.5974887132
 363 983 : 17.4809657706
 983 363 : 17.4809657706
 364 983 : 4.98203473666
 983 364 : 4.98203473666
 365 983 : 9.9089612682
 983 365 : 9.9089612682
 366 983 : 2.33584629733
 983 366 : 2.33584629733
 367 983 : 4.9964418581
 983 367 : 4.9964418581
 368 983 : 4.49328376378
 983 368 : 4.49328376378
 369 983 : 6.82082568816
 983 369 : 6.82082568816
 370 983 : 6.50746114066
 983 370 : 6.50746114066
 371 983 : 0.444457765083
 983 371 : 0.444457765083
 372 983 : 11.3508321616
 983 372 : 11.3508321616
 373 983 : 30.7543761442
 983 373 : 30.7543761442
 374 983 : 5.24989904541
 983 374 : 5.24989904541
 375 983 : 1.41057499491
 983 375 : 1.41057499491
 376 983 : 7.00861073547
 983 376 : 7.00861073547
 377 983 : 3.90578800282
 983 377 : 3.90578800282
 378 983 : 5.49979307736
 983 378 : 5.49979307736
 379 983 : 4.6856748412
 983 379 : 4.6856748412
 380 983 : 3.77509069139
 983 380 : 3.77509069139
 381 983 : 5.44053268577
 983 381 : 5.44053268577
 382 983 : 21.6944114786
 983 382 : 21.6944114786
 383 983 : 23.8217214525
 983 383 : 23.8217214525
 384 983 : 20.2901806384
 983 384 : 20.2901806384
 385 983 : 19.2883642611
 983 385 : 19.2883642611
 386 983 : 23.652688838
 983 386 : 23.652688838
 387 983 : 33.490628405
 983 387 : 33.490628405
 388 983 : 23.2199634138
 983 388 : 23.2199634138
 389 983 : 12.534070119
 983 389 : 12.534070119
 390 983 : 5.14381550915
 983 390 : 5.14381550915
 391 983 : 17.2040825266
 983 391 : 17.2040825266
 392 983 : 9.87421808929
 983 392 : 9.87421808929
 393 983 : 6.50373382908
 983 393 : 6.50373382908
 394 983 : 6.1629745071
 983 394 : 6.1629745071
 395 983 : 9.23747546551
 983 395 : 9.23747546551
 396 983 : 12.0198556212
 983 396 : 12.0198556212
 397 983 : 16.1283668863
 983 397 : 16.1283668863
 398 983 : 44.1415178023
 983 398 : 44.1415178023
 399 983 : 9.6734164202
 983 399 : 9.6734164202
 400 983 : 25.126560536
 983 400 : 25.126560536
 401 983 : 14.9822668573
 983 401 : 14.9822668573
 402 983 : 25.5765802997
 983 402 : 25.5765802997
 403 983 : 38.1601386877
 983 403 : 38.1601386877
 404 983 : 9.81484182272
 983 404 : 9.81484182272
 405 983 : 6.25624420279
 983 405 : 6.25624420279
 406 983 : 34.917271396
 983 406 : 34.917271396
 407 983 : 18.0536488477
 983 407 : 18.0536488477
 408 983 : 10.0083047436
 983 408 : 10.0083047436
 409 983 : 7.01846976429
 983 409 : 7.01846976429
 410 983 : 14.1739037447
 983 410 : 14.1739037447
 411 983 : 13.3672691004
 983 411 : 13.3672691004
 412 983 : 7.48676880472
 983 412 : 7.48676880472
 413 983 : 4.52658816179
 983 413 : 4.52658816179
 414 983 : 5.67189637855
 983 414 : 5.67189637855
 415 983 : 4.09800526779
 983 415 : 4.09800526779
 416 983 : 14.1301705993
 983 416 : 14.1301705993
 417 983 : 6.22954467814
 983 417 : 6.22954467814
 418 983 : 8.57159994269
 983 418 : 8.57159994269
 419 983 : 7.94769047198
 983 419 : 7.94769047198
 420 983 : 4.75984447911
 983 420 : 4.75984447911
 421 983 : 5.96913499254
 983 421 : 5.96913499254
 422 983 : 7.48792755444
 983 422 : 7.48792755444
 423 983 : 10.7921989248
 983 423 : 10.7921989248
 424 983 : 17.2983854407
 983 424 : 17.2983854407
 425 983 : 23.1936597953
 983 425 : 23.1936597953
 426 983 : 21.1704248582
 983 426 : 21.1704248582
 427 983 : 30.4065194803
 983 427 : 30.4065194803
 428 983 : 32.3286824736
 983 428 : 32.3286824736
 429 983 : 25.3369315465
 983 429 : 25.3369315465
 430 983 : 27.9321929359
 983 430 : 27.9321929359
 431 983 : 36.4622517014
 983 431 : 36.4622517014
 432 983 : 123.494050053
 983 432 : 123.494050053
 433 983 : 24.246268035
 983 433 : 24.246268035
 434 983 : 6.30624425292
 983 434 : 6.30624425292
 435 983 : 19.4336328502
 983 435 : 19.4336328502
 436 983 : 12.3187744222
 983 436 : 12.3187744222
 437 983 : 15.6836580588
 983 437 : 15.6836580588
 438 983 : 20.6054281541
 983 438 : 20.6054281541
 439 983 : 3.75948619525
 983 439 : 3.75948619525
 440 983 : 8.85753109072
 983 440 : 8.85753109072
 441 983 : 14.1341489733
 983 441 : 14.1341489733
 442 983 : 29.1979338729
 983 442 : 29.1979338729
 443 983 : 31.6860591951
 983 443 : 31.6860591951
 444 983 : 18.0584480028
 983 444 : 18.0584480028
 445 983 : 2.95593189398
 983 445 : 2.95593189398
 446 983 : 17.4486076848
 983 446 : 17.4486076848
 447 983 : 11.8946623709
 983 447 : 11.8946623709
 448 983 : 10.8211676676
 983 448 : 10.8211676676
 449 983 : 16.802894407
 983 449 : 16.802894407
 450 983 : 1.99453656924
 983 450 : 1.99453656924
 451 983 : 15.1506621594
 983 451 : 15.1506621594
 452 983 : 11.274451243
 983 452 : 11.274451243
 453 983 : 12.076122576
 983 453 : 12.076122576
 454 983 : 8.76694583188
 983 454 : 8.76694583188
 455 983 : 11.0867724144
 983 455 : 11.0867724144
 456 983 : 5.17007084641
 983 456 : 5.17007084641
 457 983 : 7.47632074481
 983 457 : 7.47632074481
 458 983 : 8.52186061124
 983 458 : 8.52186061124
 459 983 : 6.43813893905
 983 459 : 6.43813893905
 460 983 : 8.32212112938
 983 460 : 8.32212112938
 461 983 : 8.21159571922
 983 461 : 8.21159571922
 462 983 : 14.5211520651
 983 462 : 14.5211520651
 463 983 : 9.29552882615
 983 463 : 9.29552882615
 464 983 : 13.7977929002
 983 464 : 13.7977929002
 465 983 : 3.1568204693
 983 465 : 3.1568204693
 466 983 : 0.308507454954
 983 466 : 0.308507454954
 467 983 : 6.66570772653
 983 467 : 6.66570772653
 468 983 : 8.32056647352
 983 468 : 8.32056647352
 469 983 : 4.51536760207
 983 469 : 4.51536760207
 470 983 : 8.7009550357
 983 470 : 8.7009550357
 471 983 : 15.6018117041
 983 471 : 15.6018117041
 472 983 : 6.23103174027
 983 472 : 6.23103174027
 473 983 : 13.9113310596
 983 473 : 13.9113310596
 474 983 : 3.73948810645
 983 474 : 3.73948810645
 475 983 : 1.08904126192
 983 475 : 1.08904126192
 476 983 : 10.3595217818
 983 476 : 10.3595217818
 477 983 : 13.0376530882
 983 477 : 13.0376530882
 478 983 : 12.5989601029
 983 478 : 12.5989601029
 479 983 : 9.11834633872
 983 479 : 9.11834633872
 480 983 : 17.3817285139
 983 480 : 17.3817285139
 481 983 : 11.5765952308
 983 481 : 11.5765952308
 482 983 : 8.74313352526
 983 482 : 8.74313352526
 483 983 : 6.88543564094
 983 483 : 6.88543564094
 484 983 : 7.0361986349
 983 484 : 7.0361986349
 485 983 : 13.1510270914
 983 485 : 13.1510270914
 486 983 : 10.3897265243
 983 486 : 10.3897265243
 487 983 : 3.78671681352
 983 487 : 3.78671681352
 488 983 : 23.2310680986
 983 488 : 23.2310680986
 489 983 : 1.69560811191
 983 489 : 1.69560811191
 490 983 : 1.65264746629
 983 490 : 1.65264746629
 491 983 : 1.66450533836
 983 491 : 1.66450533836
 492 983 : 1.8295209538
 983 492 : 1.8295209538
 493 983 : 28.8695731729
 983 493 : 28.8695731729
 494 983 : 1.33001292108
 983 494 : 1.33001292108
 495 983 : 8.59641649905
 983 495 : 8.59641649905
 496 983 : 3.52272466006
 983 496 : 3.52272466006
 497 983 : 11.7328429734
 983 497 : 11.7328429734
 498 983 : 5.4044183197
 983 498 : 5.4044183197
 499 983 : 11.9152301783
 983 499 : 11.9152301783
 500 983 : 8.90192086099
 983 500 : 8.90192086099
 501 983 : 15.7653499136
 983 501 : 15.7653499136
 502 983 : 14.0992609507
 983 502 : 14.0992609507
 503 983 : 36.6109289459
 983 503 : 36.6109289459
 504 983 : 12.089187479
 983 504 : 12.089187479
 505 983 : 28.2142133037
 983 505 : 28.2142133037
 506 983 : 7.0794779367
 983 506 : 7.0794779367
 507 983 : 3.74906710408
 983 507 : 3.74906710408
 508 983 : 2.00897265942
 983 508 : 2.00897265942
 509 983 : 13.7304502294
 983 509 : 13.7304502294
 510 983 : 34.1425603063
 983 510 : 34.1425603063
 511 983 : 5.24462673422
 983 511 : 5.24462673422
 512 983 : 38.4294900586
 983 512 : 38.4294900586
 513 983 : 24.7595169081
 983 513 : 24.7595169081
 514 983 : 37.0843361413
 983 514 : 37.0843361413
 515 983 : 56.3635945609
 983 515 : 56.3635945609
 516 983 : 11.2154419138
 983 516 : 11.2154419138
 517 983 : 0.0
 983 517 : 0.0
 518 983 : 3.68056568352
 983 518 : 3.68056568352
 519 983 : 8.33087934597
 983 519 : 8.33087934597
 520 983 : 11.1349667462
 983 520 : 11.1349667462
 521 983 : 27.421290531
 983 521 : 27.421290531
 522 983 : 17.7846837267
 983 522 : 17.7846837267
 523 983 : 2.31739320814
 983 523 : 2.31739320814
 524 983 : 3.4313475889
 983 524 : 3.4313475889
 525 983 : 6.31364093859
 983 525 : 6.31364093859
 526 983 : 6.83478862221
 983 526 : 6.83478862221
 527 983 : 5.87599082808
 983 527 : 5.87599082808
 528 983 : 20.5456656377
 983 528 : 20.5456656377
 529 983 : 35.3276908882
 983 529 : 35.3276908882
 530 983 : 28.1459243206
 983 530 : 28.1459243206
 531 983 : 14.1020612625
 983 531 : 14.1020612625
 532 983 : 2.98468819937
 983 532 : 2.98468819937
 533 983 : 4.5702150885
 983 533 : 4.5702150885
 534 983 : 10.250299965
 983 534 : 10.250299965
 535 983 : 21.5441988907
 983 535 : 21.5441988907
 536 983 : 13.2155984192
 983 536 : 13.2155984192
 537 983 : 7.43646941091
 983 537 : 7.43646941091
 538 983 : 22.5497425795
 983 538 : 22.5497425795
 539 983 : 35.4066114
 983 539 : 35.4066114
 540 983 : 5.78930669327
 983 540 : 5.78930669327
 541 983 : 7.16242510368
 983 541 : 7.16242510368
 542 983 : 10.9843003148
 983 542 : 10.9843003148
 543 983 : 6.22754583489
 983 543 : 6.22754583489
 544 983 : 10.5968723481
 983 544 : 10.5968723481
 545 983 : 11.7901431467
 983 545 : 11.7901431467
 546 983 : 1.63580697045
 983 546 : 1.63580697045
 547 983 : 6.28764632002
 983 547 : 6.28764632002
 548 983 : 6.96816071423
 983 548 : 6.96816071423
 549 983 : 5.67116250373
 983 549 : 5.67116250373
 550 983 : 24.1276024081
 983 550 : 24.1276024081
 551 983 : 9.28324607919
 983 551 : 9.28324607919
 552 983 : 12.5691609228
 983 552 : 12.5691609228
 553 983 : 10.8059783901
 983 553 : 10.8059783901
 554 983 : 17.5070762641
 983 554 : 17.5070762641
 555 983 : 14.2629343477
 983 555 : 14.2629343477
 556 983 : 20.8451155324
 983 556 : 20.8451155324
 557 983 : 12.2013930763
 983 557 : 12.2013930763
 558 983 : 14.0576135547
 983 558 : 14.0576135547
 559 983 : 6.62646473623
 983 559 : 6.62646473623
 560 983 : 6.99762192569
 983 560 : 6.99762192569
 561 983 : 8.92482548033
 983 561 : 8.92482548033
 562 983 : 8.90830364067
 983 562 : 8.90830364067
 563 983 : 14.0657151465
 983 563 : 14.0657151465
 564 983 : 12.4897575987
 983 564 : 12.4897575987
 565 983 : 13.2042716407
 983 565 : 13.2042716407
 566 983 : 26.1293521943
 983 566 : 26.1293521943
 567 983 : 8.08122672021
 983 567 : 8.08122672021
 568 983 : 12.6079597257
 983 568 : 12.6079597257
 569 983 : 10.4314608265
 983 569 : 10.4314608265
 570 983 : 4.46012420948
 983 570 : 4.46012420948
 571 983 : 20.3428940941
 983 571 : 20.3428940941
 572 983 : 9.11523702699
 983 572 : 9.11523702699
 573 983 : 40.2590206687
 983 573 : 40.2590206687
 574 983 : 17.1821918132
 983 574 : 17.1821918132
 575 983 : 8.68885575744
 983 575 : 8.68885575744
 576 983 : 6.89199223306
 983 576 : 6.89199223306
 577 983 : 12.7419305051
 983 577 : 12.7419305051
 578 983 : 12.4720094156
 983 578 : 12.4720094156
 579 983 : 7.27529698202
 983 579 : 7.27529698202
 580 983 : 4.59547583226
 983 580 : 4.59547583226
 581 983 : 16.4030678184
 983 581 : 16.4030678184
 582 983 : 3.36155223117
 983 582 : 3.36155223117
 583 983 : 15.8701974502
 983 583 : 15.8701974502
 584 983 : 39.1332470408
 983 584 : 39.1332470408
 585 983 : 17.9329071276
 983 585 : 17.9329071276
 586 983 : 17.4870202378
 983 586 : 17.4870202378
 587 983 : 9.71231178558
 983 587 : 9.71231178558
 588 983 : 13.4212764933
 983 588 : 13.4212764933
 589 983 : 14.2602788796
 983 589 : 14.2602788796
 590 983 : 9.54596360797
 983 590 : 9.54596360797
 591 983 : 1.64696959269
 983 591 : 1.64696959269
 592 983 : 4.15240856683
 983 592 : 4.15240856683
 593 983 : 7.88709751822
 983 593 : 7.88709751822
 594 983 : 12.1245776265
 983 594 : 12.1245776265
 595 983 : 5.42437778351
 983 595 : 5.42437778351
 596 983 : 5.45488186972
 983 596 : 5.45488186972
 597 983 : 5.29331353468
 983 597 : 5.29331353468
 598 983 : 9.60576474943
 983 598 : 9.60576474943
 599 983 : 10.627328153
 983 599 : 10.627328153
 600 983 : 25.9498425512
 983 600 : 25.9498425512
 601 983 : 8.4037357342
 983 601 : 8.4037357342
 602 983 : 7.19590331415
 983 602 : 7.19590331415
 603 983 : 4.54695318801
 983 603 : 4.54695318801
 604 983 : 10.6483980853
 983 604 : 10.6483980853
 605 983 : 10.7443522178
 983 605 : 10.7443522178
 606 983 : 3.7293780152
 983 606 : 3.7293780152
 607 983 : 8.18993675582
 983 607 : 8.18993675582
 608 983 : 3.00429038202
 983 608 : 3.00429038202
 609 983 : 47.8311603585
 983 609 : 47.8311603585
 610 983 : 7.78532066839
 983 610 : 7.78532066839
 611 983 : 18.8855056107
 983 611 : 18.8855056107
 612 983 : 11.9616187918
 983 612 : 11.9616187918
 613 983 : 11.5965933196
 983 613 : 11.5965933196
 614 983 : 9.22799303036
 983 614 : 9.22799303036
 615 983 : 3.63992253732
 983 615 : 3.63992253732
 616 983 : 3.37205822857
 983 616 : 3.37205822857
 617 983 : 11.9044248372
 983 617 : 11.9044248372
 618 983 : 15.2981420292
 983 618 : 15.2981420292
 619 983 : 14.805441651
 983 619 : 14.805441651
 620 983 : 4.28304794077
 983 620 : 4.28304794077
 621 983 : 10.2580635881
 983 621 : 10.2580635881
 622 983 : 6.04486894256
 983 622 : 6.04486894256
 623 983 : 6.70832074724
 983 623 : 6.70832074724
 624 983 : 10.2389828428
 983 624 : 10.2389828428
 625 983 : 10.5736683851
 983 625 : 10.5736683851
 626 983 : 10.7490934354
 983 626 : 10.7490934354
 627 983 : 1.22733804022
 983 627 : 1.22733804022
 628 983 : 23.305141174
 983 628 : 23.305141174
 629 983 : 20.0910012189
 983 629 : 20.0910012189
 630 983 : 17.3338142132
 983 630 : 17.3338142132
 631 983 : 40.0795206818
 983 631 : 40.0795206818
 632 983 : 9.33603678489
 983 632 : 9.33603678489
 633 983 : 1.10488716425
 983 633 : 1.10488716425
 634 983 : 3.32183608474
 983 634 : 3.32183608474
 635 983 : 3.03485240571
 983 635 : 3.03485240571
 636 983 : 6.17014909908
 983 636 : 6.17014909908
 637 983 : 10.3911266802
 983 637 : 10.3911266802
 638 983 : 9.94966235188
 983 638 : 9.94966235188
 639 983 : 9.15532011083
 983 639 : 9.15532011083
 640 983 : 4.67544887498
 983 640 : 4.67544887498
 641 983 : 7.34087255955
 983 641 : 7.34087255955
 642 983 : 4.96698064663
 983 642 : 4.96698064663
 643 983 : 5.40016957075
 983 643 : 5.40016957075
 644 983 : 2.72929010628
 983 644 : 2.72929010628
 645 983 : 12.2422196912
 983 645 : 12.2422196912
 646 983 : 3.78059475253
 983 646 : 3.78059475253
 647 983 : 13.5848629841
 983 647 : 13.5848629841
 648 983 : 11.8771555939
 983 648 : 11.8771555939
 649 983 : 36.6281556916
 983 649 : 36.6281556916
 650 983 : 20.4725292183
 983 650 : 20.4725292183
 651 983 : 9.29827120047
 983 651 : 9.29827120047
 652 983 : 4.5415167206
 983 652 : 4.5415167206
 653 983 : 6.09840317932
 983 653 : 6.09840317932
 654 983 : 1.54253727477
 983 654 : 1.54253727477
 655 983 : 35.0120088413
 983 655 : 35.0120088413
 656 983 : 26.0796418316
 983 656 : 26.0796418316
 657 983 : 24.2429462858
 983 657 : 24.2429462858
 658 983 : 14.9243583404
 983 658 : 14.9243583404
 659 983 : 3.12112132188
 983 659 : 3.12112132188
 660 983 : 4.54612275071
 983 660 : 4.54612275071
 661 983 : 8.16886682353
 983 661 : 8.16886682353
 662 983 : 8.81466700757
 983 662 : 8.81466700757
 663 983 : 5.52064091596
 983 663 : 5.52064091596
 664 983 : 10.8436667245
 983 664 : 10.8436667245
 665 983 : 9.32221869455
 983 665 : 9.32221869455
 666 983 : 6.70973055939
 983 666 : 6.70973055939
 667 983 : 16.0880327401
 983 667 : 16.0880327401
 668 983 : 12.7160421052
 983 668 : 12.7160421052
 669 983 : 16.1862174658
 983 669 : 16.1862174658
 670 983 : 13.7321690414
 983 670 : 13.7321690414
 671 983 : 12.7635991247
 983 671 : 12.7635991247
 672 983 : 7.48309943063
 983 672 : 7.48309943063
 673 983 : 0.0286983679027
 983 673 : 0.0286983679027
 674 983 : 23.6259313759
 983 674 : 23.6259313759
 675 983 : 4.52716753665
 983 675 : 4.52716753665
 676 983 : 14.0499851191
 983 676 : 14.0499851191
 677 983 : 13.4313865846
 983 677 : 13.4313865846
 678 983 : 5.77938007072
 983 678 : 5.77938007072
 679 983 : 14.2560108181
 983 679 : 14.2560108181
 680 983 : 16.9750556457
 983 680 : 16.9750556457
 681 983 : 11.2475682497
 983 681 : 11.2475682497
 682 983 : 15.6072385152
 983 682 : 15.6072385152
 683 983 : 9.27049983234
 983 683 : 9.27049983234
 684 983 : 7.58727102987
 983 684 : 7.58727102987
 685 983 : 5.32155805894
 983 685 : 5.32155805894
 686 983 : 5.95462165238
 983 686 : 5.95462165238
 687 983 : 9.46123003517
 983 687 : 9.46123003517
 688 983 : 11.5427983641
 983 688 : 11.5427983641
 689 983 : 13.0562413649
 983 689 : 13.0562413649
 690 983 : 9.37694064977
 983 690 : 9.37694064977
 691 983 : 21.0037676806
 983 691 : 21.0037676806
 692 983 : 12.1894772667
 983 692 : 12.1894772667
 693 983 : 8.42000651143
 983 693 : 8.42000651143
 694 983 : 10.9699607871
 983 694 : 10.9699607871
 695 983 : 12.916090587
 983 695 : 12.916090587
 696 983 : 12.9617067007
 983 696 : 12.9617067007
 697 983 : 10.341474255
 983 697 : 10.341474255
 698 983 : 7.49733273961
 983 698 : 7.49733273961
 699 983 : 10.6299836211
 983 699 : 10.6299836211
 700 983 : 22.5994722547
 983 700 : 22.5994722547
 701 983 : 7.97130965364
 983 701 : 7.97130965364
 702 983 : 3.94408468085
 983 702 : 3.94408468085
 703 983 : 3.07072536559
 983 703 : 3.07072536559
 704 983 : 7.98532086893
 983 704 : 7.98532086893
 705 983 : 3.35770904462
 983 705 : 3.35770904462
 706 983 : 6.12710154723
 983 706 : 6.12710154723
 707 983 : 14.2272158878
 983 707 : 14.2272158878
 708 983 : 18.2451901753
 983 708 : 18.2451901753
 709 983 : 29.2804271963
 983 709 : 29.2804271963
 710 983 : 1.25942575104
 983 710 : 1.25942575104
 711 983 : 22.7290687539
 983 711 : 22.7290687539
 712 983 : 22.9891018459
 983 712 : 22.9891018459
 713 983 : 16.8255479639
 983 713 : 16.8255479639
 714 983 : 24.9548241723
 983 714 : 24.9548241723
 715 983 : 18.7542482369
 983 715 : 18.7542482369
 716 983 : 9.71423337885
 983 716 : 9.71423337885
 717 983 : 3.72224204821
 983 717 : 3.72224204821
 718 983 : 16.687618123
 983 718 : 16.687618123
 719 983 : 16.0936237074
 983 719 : 16.0936237074
 720 983 : 33.5385330494
 983 720 : 33.5385330494
 721 983 : 27.0571630898
 983 721 : 27.0571630898
 722 983 : 30.4573789364
 983 722 : 30.4573789364
 723 983 : 20.073224067
 983 723 : 20.073224067
 724 983 : 10.276622896
 983 724 : 10.276622896
 725 983 : 20.9916490899
 983 725 : 20.9916490899
 726 983 : 10.4749042845
 983 726 : 10.4749042845
 727 983 : 12.1681079907
 983 727 : 12.1681079907
 728 983 : 9.24087446467
 983 728 : 9.24087446467
 729 983 : 12.4929538167
 983 729 : 12.4929538167
 730 983 : 13.185132958
 983 730 : 13.185132958
 731 983 : 7.13213345493
 983 731 : 7.13213345493
 732 983 : 10.6014397532
 983 732 : 10.6014397532
 733 983 : 10.3492282218
 983 733 : 10.3492282218
 734 983 : 7.4660368411
 983 734 : 7.4660368411
 735 983 : 12.9325158642
 983 735 : 12.9325158642
 736 983 : 16.2840352541
 983 736 : 16.2840352541
 737 983 : 11.1552834912
 983 737 : 11.1552834912
 738 983 : 20.5248371116
 983 738 : 20.5248371116
 739 983 : 9.26587448974
 983 739 : 9.26587448974
 740 983 : 12.7268957276
 983 740 : 12.7268957276
 741 983 : 7.16467500938
 983 741 : 7.16467500938
 742 983 : 4.65581772358
 983 742 : 4.65581772358
 743 983 : 4.68152265473
 983 743 : 4.68152265473
 744 983 : 14.8004976522
 983 744 : 14.8004976522
 745 983 : 11.6991137005
 983 745 : 11.6991137005
 746 983 : 6.00805932667
 983 746 : 6.00805932667
 747 983 : 15.1667108429
 983 747 : 15.1667108429
 748 983 : 8.08912553075
 983 748 : 8.08912553075
 749 983 : 13.2211797303
 983 749 : 13.2211797303
 750 983 : 6.25668839018
 983 750 : 6.25668839018
 751 983 : 42.3217110336
 983 751 : 42.3217110336
 752 983 : 9.42560813773
 983 752 : 9.42560813773
 753 983 : 12.7102869817
 983 753 : 12.7102869817
 754 983 : 11.0870717581
 983 754 : 11.0870717581
 755 983 : 15.216083237
 983 755 : 15.216083237
 756 983 : 14.1654641843
 983 756 : 14.1654641843
 757 983 : 4.96481764717
 983 757 : 4.96481764717
 758 983 : 8.15033648437
 983 758 : 8.15033648437
 759 983 : 6.50735492194
 983 759 : 6.50735492194
 760 983 : 17.2598956378
 983 760 : 17.2598956378
 761 983 : 27.6779729051
 983 761 : 27.6779729051
 762 983 : 8.13310973863
 983 762 : 8.13310973863
 763 983 : 0.975744508692
 983 763 : 0.975744508692
 764 983 : 7.62342402093
 983 764 : 7.62342402093
 765 983 : 14.7519460392
 983 765 : 14.7519460392
 766 983 : 18.8165889715
 983 766 : 18.8165889715
 767 983 : 20.4469691308
 983 767 : 20.4469691308
 768 983 : 17.7953925053
 983 768 : 17.7953925053
 769 983 : 5.79412516082
 983 769 : 5.79412516082
 770 983 : 5.36130317411
 983 770 : 5.36130317411
 771 983 : 23.272618932
 983 771 : 23.272618932
 772 983 : 20.8213321945
 983 772 : 20.8213321945
 773 983 : 17.8483280547
 983 773 : 17.8483280547
 774 983 : 27.9476912133
 983 774 : 27.9476912133
 775 983 : 27.7655164459
 983 775 : 27.7655164459
 776 983 : 11.3786324985
 983 776 : 11.3786324985
 777 983 : 2.81961464644
 983 777 : 2.81961464644
 778 983 : 10.2700373352
 983 778 : 10.2700373352
 779 983 : 7.34980458859
 983 779 : 7.34980458859
 780 983 : 3.59447057981
 983 780 : 3.59447057981
 781 983 : 7.88524351868
 983 781 : 7.88524351868
 782 983 : 10.8695068431
 983 782 : 10.8695068431
 783 983 : 11.5375743342
 983 783 : 11.5375743342
 784 983 : 8.45020159771
 983 784 : 8.45020159771
 785 983 : 9.46461937809
 983 785 : 9.46461937809
 786 983 : 7.68844919234
 983 786 : 7.68844919234
 787 983 : 8.27439029744
 983 787 : 8.27439029744
 788 983 : 13.9971075072
 983 788 : 13.9971075072
 789 983 : 11.0511987982
 983 789 : 11.0511987982
 790 983 : 5.40361685115
 983 790 : 5.40361685115
 791 983 : 7.60955764936
 983 791 : 7.60955764936
 792 983 : 10.7592131829
 983 792 : 10.7592131829
 793 983 : 9.2631900529
 983 793 : 9.2631900529
 794 983 : 8.14126926786
 983 794 : 8.14126926786
 795 983 : 14.5956017342
 983 795 : 14.5956017342
 796 983 : 11.5140710275
 983 796 : 11.5140710275
 797 983 : 14.2047554558
 983 797 : 14.2047554558
 798 983 : 11.1898045764
 983 798 : 11.1898045764
 799 983 : 10.8114148575
 983 799 : 10.8114148575
 800 983 : 15.5763771479
 983 800 : 15.5763771479
 801 983 : 11.5356527409
 983 801 : 11.5356527409
 802 983 : 4.902805225
 983 802 : 4.902805225
 803 983 : 18.3584772723
 983 803 : 18.3584772723
 804 983 : 13.3928195316
 983 804 : 13.3928195316
 805 983 : 6.78152476038
 983 805 : 6.78152476038
